5.495605945587158
5.4857916831970215
5.619006156921387
5.58045768737793
5.75070333480835
5.5138068199157715
5.662010192871094
5.547745704650879
5.1573028564453125
5.6915740966796875
5.506148815155029
5.265061378479004
5.433282375335693
5.826011657714844
5.046082973480225
4.416888236999512
4.808984756469727
5.455570697784424
5.046245574951172
5.566757678985596
5.308887958526611
5.599400043487549
5.230354309082031
4.1089911460876465
4.944368362426758
4.971863269805908
5.015812397003174
4.986358165740967
4.775425910949707
4.534193992614746
4.037154197692871
3.756545305252075
3.790863275527954
4.27519416809082
4.2893805503845215
4.084268093109131
3.869987964630127
3.946883201599121
3.7176597118377686
3.1382336616516113
3.3883872032165527
3.49147629737854
3.7743048667907715
3.301698684692383
3.373964309692383
3.4639947414398193
3.415327310562134
3.070127248764038
3.1316797733306885
3.5000154972076416
3.4178524017333984
3.686610698699951
3.3353962898254395
3.3965139389038086
3.3253471851348877
2.809225559234619
2.9027647972106934
3.4605088233947754
3.3198704719543457
3.414454936981201
3.630391836166382
3.426018714904785
3.2220852375030518
2.7695529460906982
3.3562138080596924
3.478313684463501
3.642110824584961
3.250847101211548
3.249630928039551
3.6092991828918457
3.573699474334717
2.968243360519409
2.978966474533081
3.6816694736480713
3.4082529544830322
3.373358964920044
3.5146329402923584
3.5378639698028564
3.020833969116211
2.8186142444610596
3.240037202835083
3.635974884033203
3.450657367706299
3.1747753620147705
3.290860414505005
3.166027545928955
3.165334463119507
3.1056125164031982
3.1437108516693115
3.2286531925201416
3.3678975105285645
3.1183881759643555
3.1994192600250244
3.2652804851531982
3.3483450412750244
2.3801138401031494
3.3099544048309326
3.5161569118499756
3.4521048069000244
3.611145257949829
3.4844281673431396
3.4712016582489014
3.4934284687042236
2.8345847129821777
3.356276512145996
3.2364158630371094
3.3614792823791504
3.490298271179199
3.4314792156219482
3.0878450870513916
2.8232734203338623
3.061366081237793
2.8470678329467773
3.344756603240967
3.3274824619293213
3.1232268810272217
3.1384990215301514
3.3700478076934814
5.066543102264404
5.5032267570495605
5.14539098739624
5.553493499755859
5.655258655548096
5.55432653427124
5.0251545906066895
5.078886985778809
5.199584007263184
5.333282470703125
5.556118488311768
5.205821990966797
5.6455793380737305
5.868746757507324
4.8873796463012695
4.580672264099121
4.7310380935668945
5.4855637550354
5.499226093292236
5.142929553985596
5.736278533935547
5.286633014678955
5.073768615722656
5.075222015380859
4.519881725311279
5.278378486633301
5.458298683166504
5.119998455047607
5.000226974487305
4.698954105377197
4.826189994812012
4.699164390563965
4.2527079582214355
4.590201377868652
4.222136497497559
4.191861152648926
4.043624401092529
3.861593723297119
4.221033096313477
3.1442089080810547
3.4990837574005127
3.5651676654815674
3.5585525035858154
3.380413770675659
3.5685179233551025
3.927030324935913
3.4508204460144043
3.1195662021636963
3.1783292293548584
3.6098439693450928
3.4320883750915527
3.5779170989990234
3.396803140640259
3.5397632122039795
3.3208069801330566
2.9995243549346924
3.0618410110473633
3.4273219108581543
3.2565269470214844
3.5223071575164795
3.4468326568603516
3.3021018505096436
3.4265434741973877
3.245950937271118
3.2086050510406494
3.668853282928467
3.538762331008911
3.043516159057617
3.5847034454345703
3.1870648860931396
3.3723068237304688
2.907050848007202
3.0900092124938965
3.553338050842285
3.4350781440734863
3.4479637145996094
3.3871238231658936
3.1161835193634033
2.985438585281372
2.574108600616455
3.3756167888641357
3.27421498298645
3.4830777645111084
3.5810978412628174
3.6397125720977783
3.241352081298828
3.2006256580352783
2.7898268699645996
3.187368392944336
3.561624526977539
3.527966022491455
3.370931625366211
3.2391128540039062
3.4062700271606445
3.231741189956665
2.662581443786621
3.0776987075805664
3.2482757568359375
3.395390748977661
3.294205665588379
3.194671392440796
3.3508529663085938
2.817880630493164
2.2992794513702393
2.971769332885742
3.30397891998291
3.426537275314331
2.9871022701263428
3.29345703125
3.6973814964294434
3.058605432510376
3.3279500007629395
2.923490285873413
3.1819629669189453
3.020005941390991
3.150254964828491
2.90984845161438
3.1054065227508545
2.6823134422302246
2.302797555923462
2.4499943256378174
3.019423007965088
2.6590077877044678
2.7968242168426514
2.868434429168701
2.8287293910980225
2.6468329429626465
2.180166006088257
2.515068292617798
2.5467569828033447
2.9925107955932617
2.6696293354034424
2.8443286418914795
2.7019217014312744
2.3436546325683594
2.4142682552337646
2.5439672470092773
2.8021719455718994
2.804171085357666
2.5232317447662354
2.785334825515747
2.8368706703186035
2.7268259525299072
1.8129792213439941
2.365990161895752
2.708574056625366
2.8494913578033447
2.6388797760009766
2.6015236377716064
2.576267719268799
2.300766706466675
2.547724485397339
2.575709104537964
2.5963189601898193
2.699115514755249
2.5152223110198975
2.663485288619995
2.5805883407592773
2.568735122680664
2.2575762271881104
2.425473690032959
2.579381227493286
2.472440004348755
2.739655017852783
2.522905111312866
2.511479377746582
2.226877450942993
1.9437240362167358
2.2974233627319336
2.547053098678589
2.8462836742401123
2.380995273590088
2.667529344558716
2.3556041717529297
2.3720223903656006
2.1124517917633057
2.379821300506592
2.6843607425689697
2.5162172317504883
2.582601547241211
2.4270050525665283
2.6498239040374756
2.406649112701416
1.834800362586975
2.468294620513916
2.289991617202759
2.570920705795288
2.535766363143921
2.5983614921569824
2.339738368988037
2.402925968170166
2.3690474033355713
2.2764315605163574
2.766242265701294
2.3786351680755615
2.6896679401397705
2.568311929702759
2.2599706649780273
2.4130637645721436
1.7038103342056274
2.0575239658355713
2.356386661529541
2.5982892513275146
2.4861719608306885
2.252016305923462
2.2319092750549316
2.459143877029419
2.1157844066619873
4.662944316864014
5.4718403816223145
5.719357967376709
5.646440029144287
4.648797988891602
5.568451404571533
5.767693996429443
5.736645221710205
5.291557788848877
5.483273506164551
5.6015777587890625
4.521799087524414
4.939899921417236
5.623954772949219
5.523270606994629
5.125421047210693
5.250777244567871
5.409866809844971
5.325762748718262
4.278911113739014
4.921590805053711
4.761884689331055
4.85312032699585
4.832131385803223
4.842258930206299
4.318288803100586
4.3460917472839355
3.722111701965332
3.428941488265991
4.123012542724609
4.2675299644470215
4.2010626792907715
4.077239513397217
3.954702615737915
4.005595684051514
3.2540993690490723
3.3019354343414307
3.740842580795288
3.8379974365234375
3.511849880218506
3.7397923469543457
3.9592268466949463
3.4649171829223633
2.7382919788360596
3.2534141540527344
3.5397088527679443
3.4416661262512207
3.116734266281128
3.697364568710327
3.7984988689422607
3.28825044631958
2.7728347778320312
3.188007116317749
3.5463061332702637
3.566765308380127
3.301241636276245
3.3897058963775635
3.474621057510376
3.5292859077453613
3.327948808670044
3.1025874614715576
3.51751971244812
3.4102132320404053
3.4430460929870605
3.234570026397705
3.280459403991699
3.122879981994629
3.076479434967041
3.307032346725464
3.3882877826690674
3.5956599712371826
3.5198283195495605
3.408799886703491
3.633753776550293
3.5983541011810303
2.9596734046936035
3.442013740539551
3.095555067062378
3.2520408630371094
3.156649112701416
3.055427312850952
3.3805408477783203
3.4185609817504883
2.842031955718994
3.2314648628234863
3.2848129272460938
3.431396722793579
3.51428484916687
3.4013218879699707
3.46952223777771
2.9197616577148438
2.873598098754883
3.1661548614501953
3.2682459354400635
3.3255796432495117
3.097294807434082
3.3481857776641846
2.831838607788086
3.047309160232544
2.5695440769195557
2.7597241401672363
3.360438823699951
2.927645206451416
3.1254005432128906
2.9492099285125732
2.9449641704559326
2.561923027038574
2.6027402877807617
2.7488434314727783
2.9099202156066895
3.0762791633605957
2.8362324237823486
2.907261848449707
2.970733404159546
2.532895088195801
2.833568811416626
2.492506742477417
2.8508026599884033
2.8378987312316895
2.781071186065674
2.890176773071289
2.805518388748169
2.679905414581299
2.2291829586029053
2.4315197467803955
2.948582649230957
2.738295078277588
2.801145315170288
2.7134037017822266
2.55769419670105
2.615208625793457
2.0220625400543213
2.4455134868621826
2.738534688949585
2.8933234214782715
2.483365535736084
2.665235757827759
2.5514791011810303
2.412372350692749
2.275838851928711
2.6509668827056885
3.0126965045928955
2.839381217956543
2.622926950454712
2.7543325424194336
2.446812868118286
2.1323907375335693
2.020984411239624
2.6892123222351074
2.833622932434082
2.474478244781494
2.7530553340911865
2.2770321369171143
2.596163272857666
2.6029975414276123
2.294003486633301
2.6324806213378906
2.654479503631592
2.5632236003875732
2.6028683185577393
2.5534512996673584
2.7581863403320312
2.6515345573425293
2.152710437774658
2.4688825607299805
2.809673309326172
2.58786678314209
2.7044363021850586
2.568824291229248
2.5876564979553223
2.3194379806518555
2.1655240058898926
2.3305578231811523
2.8062243461608887
2.5324180126190186
2.844273805618286
2.3954923152923584
2.5280089378356934
2.4550089836120605
2.372251033782959
2.3310627937316895
2.469696044921875
2.5069797039031982
2.5488991737365723
2.6516921520233154
2.6340315341949463
2.6355345249176025
2.0431735515594482
2.0644853115081787
2.360288143157959
2.6005077362060547
2.484656810760498
2.5662834644317627
2.699836015701294
2.5714032649993896
2.1781342029571533
2.1093077659606934
2.598867654800415
2.30326247215271
2.5754787921905518
2.666965961456299
2.3219845294952393
2.3293633460998535
1.764163851737976
2.205385208129883
2.504868268966675
2.366870403289795
2.6956894397735596
2.4315874576568604
2.5319595336914062
2.147185802459717
2.3978898525238037
5.342548370361328
5.4709320068359375
5.569570064544678
5.255606174468994
5.52517032623291
5.1836981773376465
5.3819050788879395
4.512668609619141
5.186642169952393
5.485630035400391
5.6981730461120605
5.472787857055664
5.349123001098633
5.201124668121338
5.218286991119385
4.467984676361084
5.117507457733154
5.495399475097656
5.4981770515441895
5.30542516708374
5.390721797943115
5.263848781585693
5.440310478210449
4.720845699310303
4.913222312927246
5.5136494636535645
4.837577819824219
4.663365840911865
4.312821865081787
4.42017936706543
4.1490302085876465
3.8936994075775146
5.368833065032959
5.515369892120361
5.842892646789551
5.750312805175781
5.547905921936035
5.191946029663086
5.440232753753662
4.9323835372924805
5.24641227722168
5.4399261474609375
5.773604869842529
5.164725303649902
5.479473114013672
5.6754045486450195
5.303565979003906
4.864011287689209
4.790836334228516
5.735244274139404
5.634074687957764
4.91609001159668
5.256721496582031
5.41948127746582
4.952945232391357
5.400510787963867
5.699422359466553
4.922301292419434
4.560935974121094
5.178671360015869
5.4277472496032715
5.399847507476807
5.345996856689453
5.497860908508301
5.418980598449707
5.160194396972656
3.690054416656494
5.149284839630127
5.292431354522705
5.569431304931641
5.273922920227051
5.168139457702637
5.282748699188232
4.969343185424805
4.130132675170898
4.750932693481445
4.937810897827148
4.9514360427856445
5.27996826171875
4.62120246887207
4.486759662628174
4.037868499755859
3.805354595184326
3.630561113357544
3.77539324760437
4.061458110809326
3.6226887702941895
3.927741527557373
3.5666682720184326
3.424095392227173
3.2430202960968018
3.3644752502441406
3.5059728622436523
3.5348854064941406
3.5300261974334717
3.575093984603882
3.6433827877044678
3.1859350204467773
2.7703909873962402
3.0887234210968018
3.531956911087036
3.700446844100952
3.4287309646606445
3.501434087753296
3.6105387210845947
3.36590576171875
3.0808026790618896
3.4210855960845947
3.3856632709503174
3.56990647315979
3.7391750812530518
3.812300682067871
3.5308029651641846
3.3796300888061523
2.8812389373779297
3.2998859882354736
3.2003419399261475
3.2359132766723633
3.4462528228759766
3.2715680599212646
3.4030656814575195
3.4463775157928467
3.0562078952789307
3.1387627124786377
3.3783984184265137
3.078815460205078
3.167597770690918
3.629520893096924
3.0931918621063232
3.7451841831207275
3.2417094707489014
2.9651150703430176
3.377150774002075
3.5481009483337402
3.497978687286377
3.305427074432373
3.3838260173797607
3.201180934906006
2.7548668384552
3.1971793174743652
3.372725486755371
3.1813156604766846
3.368358612060547
3.1031978130340576
3.33050274848938
3.6832449436187744
2.8942711353302
2.9968373775482178
3.052067756652832
3.510284185409546
3.2497031688690186
3.0290474891662598
3.0932397842407227
3.022268533706665
2.655341863632202
2.7489707469940186
3.3095507621765137
3.200784683227539
2.7885780334472656
3.1552786827087402
3.3511669635772705
2.888944149017334
2.5460073947906494
2.693621873855591
2.903043508529663
3.1915385723114014
2.8784749507904053
3.006091356277466
3.234734058380127
2.580335855484009
2.732410192489624
2.328922748565674
2.6350514888763428
2.8515536785125732
2.9869604110717773
2.5859317779541016
2.6543796062469482
2.4914562702178955
1.9403624534606934
2.471702814102173
2.878671646118164
2.8196258544921875
2.738889455795288
2.753634452819824
2.828860282897949
2.593226671218872
2.2034919261932373
2.570660352706909
2.936453342437744
2.6196529865264893
2.665916681289673
2.4882702827453613
2.3431622982025146
2.822840929031372
2.140432357788086
2.471147298812866
2.785970449447632
3.0612237453460693
2.665656805038452
2.7121829986572266
2.750838041305542
2.4564568996429443
2.146036148071289
2.55157470703125
2.692805051803589
2.7055423259735107
2.749901533126831
2.7447006702423096
2.5907418727874756
2.5124011039733887
2.3168222904205322
2.4981181621551514
2.7124581336975098
2.635683298110962
2.5067033767700195
2.993673086166382
2.679598808288574
2.7472939491271973
2.133732795715332
2.431363105773926
2.899709701538086
2.999162435531616
2.515345573425293
2.840224504470825
2.478670597076416
2.5411126613616943
2.2861688137054443
2.5954980850219727
2.5810747146606445
2.70481014251709
2.6239542961120605
2.3743741512298584
2.668531894683838
2.598597764968872
2.117262363433838
2.3411190509796143
2.475987195968628
2.839597225189209
2.5456702709198
2.2258214950561523
2.6763803958892822
2.5269672870635986
2.081418037414551
2.309633255004883
2.5971946716308594
2.341853380203247
2.4855825901031494
2.433136463165283
2.397106885910034
2.4022443294525146
2.1953585147857666
2.264923334121704
2.4534189701080322
2.534942626953125
2.423581838607788
2.4725239276885986
2.6414794921875
2.3696553707122803
2.140852928161621
2.889893054962158
3.060521364212036
3.2031354904174805
3.010166883468628
3.1738970279693604
3.2088282108306885
3.3343076705932617
2.27160382270813
2.8834280967712402
3.1220314502716064
2.910118818283081
3.3196568489074707
5.286223888397217
5.466668128967285
5.455952167510986
5.200088024139404
5.47492790222168
5.338502407073975
5.212284088134766
4.804477691650391
5.0945892333984375
5.501513957977295
5.148784637451172
5.31687068939209
5.293126583099365
5.178542137145996
5.242369651794434
4.649514198303223
4.952398777008057
5.536215305328369
5.252649307250977
4.97974967956543
5.391885280609131
4.869597911834717
4.627808094024658
3.9543867111206055
4.7004170417785645
4.47921085357666
4.518121719360352
4.640209197998047
4.099049091339111
4.354918956756592
3.951033592224121
3.711862802505493
3.719733476638794
3.7372472286224365
3.763399362564087
3.647491693496704
3.878786087036133
3.5567002296447754
3.2045674324035645
3.200728416442871
3.1792283058166504
3.5239169597625732
3.518397331237793
3.375607967376709
3.3451361656188965
3.360603094100952
3.350618839263916
3.388533592224121
3.295046806335449
3.4428467750549316
3.372692823410034
3.483675241470337
3.3107268810272217
3.4044525623321533
3.368297576904297
3.0953598022460938
3.3634538650512695
3.3644847869873047
3.4157156944274902
3.54818058013916
3.524792194366455
3.241001605987549
3.369624376296997
3.0830893516540527
3.038311004638672
3.488245964050293
3.548323154449463
3.5828239917755127
3.595944404602051
3.550260543823242
3.301659345626831
2.8416061401367188
2.878990411758423
3.5088860988616943
3.2883238792419434
3.6764204502105713
3.4650113582611084
3.5204453468322754
3.4866104125976562
3.1201648712158203
3.1088647842407227
3.614396095275879
3.18367338180542
3.180328607559204
3.2734639644622803
3.677173614501953
3.229055404663086
3.060567855834961
3.023331642150879
3.295480251312256
3.5221450328826904
3.293225049972534
3.292996644973755
3.4376883506774902
3.274935722351074
2.771693229675293
3.222069501876831
3.295781373977661
3.10217022895813
3.2182958126068115
3.357311725616455
3.273909330368042
2.9299612045288086
2.7776432037353516
2.9431211948394775
3.2077126502990723
2.8985581398010254
3.19743275642395
3.374718189239502
2.9047629833221436
2.642582654953003
2.38501238822937
2.5587563514709473
2.9908294677734375
3.051821231842041
3.088582754135132
2.786813735961914
2.993725299835205
3.0083775520324707
2.2418417930603027
2.6506030559539795
2.7379016876220703
2.8596444129943848
2.820690870285034
2.7283499240875244
2.7225193977355957
2.8706414699554443
2.0786359310150146
2.525834560394287
2.75773024559021
2.7056593894958496
2.4730820655822754
2.868730306625366
2.417283296585083
2.394223690032959
2.3146843910217285
2.4283559322357178
2.7974812984466553
2.6176555156707764
2.780301094055176
2.5850412845611572
2.7053349018096924
2.545140266418457
2.2920029163360596
2.329594135284424
2.6140828132629395
2.7027230262756348
2.580320119857788
2.8749301433563232
2.6627702713012695
2.7355246543884277
1.9464482069015503
2.467284917831421
2.7700860500335693
2.627372980117798
2.5973961353302
2.9431631565093994
2.3585078716278076
2.604356050491333
2.6434974670410156
2.436551094055176
2.812361478805542
2.8077454566955566
2.422353744506836
2.5001516342163086
2.5733561515808105
2.5602338314056396
2.1819002628326416
2.4215281009674072
2.447756767272949
2.585977792739868
2.5726912021636963
2.3710529804229736
2.3983168601989746
2.285893440246582
1.9209703207015991
2.159778118133545
2.3733246326446533
2.7878258228302
2.5935447216033936
2.633887529373169
2.3354384899139404
2.40286922454834
2.063311815261841
2.260526657104492
2.5962493419647217
2.780170440673828
2.540602922439575
2.196758985519409
2.4919016361236572
2.282191038131714
2.0651302337646484
2.4113383293151855
2.413580894470215
2.6986608505249023
2.502983331680298
2.8149607181549072
2.817272186279297
2.4812941551208496
2.363035202026367
2.3306384086608887
2.5133163928985596
2.7116036415100098
2.4571948051452637
2.655404806137085
2.1410555839538574
2.0432608127593994
1.6114838123321533
2.065795421600342
2.2152469158172607
2.4310736656188965
2.458773374557495
2.3710062503814697
2.179351568222046
2.4772770404815674
2.3272809982299805
2.5177464485168457
2.5771777629852295
2.6283748149871826
2.3785927295684814
2.3110485076904297
2.160688638687134
2.1747798919677734
1.8399444818496704
2.1234452724456787
2.4926984310150146
2.263420820236206
2.3088200092315674
2.3595426082611084
2.355795383453369
2.4569523334503174
2.429973602294922
2.1485137939453125
2.2630507946014404
2.3894712924957275
2.4997763633728027
2.1903178691864014
2.1993744373321533
2.4575083255767822
1.9014976024627686
2.0217978954315186
2.4762773513793945
2.422553300857544
2.358736991882324
2.3344600200653076
2.3470511436462402
2.1234211921691895
1.8439252376556396
2.2035491466522217
2.346637725830078
2.5196304321289062
2.5063045024871826
2.306596040725708
2.2593085765838623
2.4115066528320312
1.863681674003601
2.104304790496826
2.4825761318206787
2.330869436264038
2.36310076713562
2.1362409591674805
2.5853724479675293
2.311805248260498
1.7992409467697144
2.162919044494629
2.257253885269165
2.394193172454834
2.140601634979248
2.079984664916992
2.3024137020111084
2.3539605140686035
1.8549749851226807
2.345792531967163
2.2433431148529053
2.3631601333618164
2.4873831272125244
2.3726043701171875
2.3578929901123047
1.9925214052200317
1.9201226234436035
1.9382869005203247
2.401425361633301
2.515118360519409
2.5482985973358154
2.4989850521087646
2.2037203311920166
2.0135602951049805
2.108344793319702
2.1058783531188965
2.202378511428833
2.30597186088562
2.2114768028259277
2.2975914478302
2.263794422149658
2.216278076171875
1.831040859222412
2.2849090099334717
2.4378345012664795
2.467216968536377
2.030236005783081
1.8793891668319702
2.3533034324645996
1.9713091850280762
1.4996081590652466
2.14957332611084
2.27016019821167
2.3065757751464844
2.0406057834625244
2.9190733432769775
2.2607979774475098
1.902549147605896
1.878617286682129
2.039116859436035
2.0613820552825928
2.103827476501465
2.422459840774536
2.1115429401397705
1.9215474128723145
1.8017454147338867
1.7322357892990112
2.156632900238037
1.9501861333847046
2.389827013015747
2.119213342666626
2.0868606567382812
2.057382345199585
2.1240975856781006
1.631981611251831
1.91801917552948
2.206406354904175
2.2697665691375732
2.3738491535186768
1.8670135736465454
2.1109464168548584
1.8383708000183105
1.73737370967865
1.8656691312789917
2.0880954265594482
2.070366859436035
2.1136574745178223
2.1515512466430664
2.076225996017456
2.4351086616516113
1.8801511526107788
1.884702444076538
2.1578733921051025
2.15274977684021
2.159787178039551
2.176363945007324
2.1770548820495605
1.7828434705734253
1.7057379484176636
2.0098183155059814
2.176482677459717
2.4426558017730713
2.216888427734375
1.9541785717010498
2.1336824893951416
1.9275487661361694
1.728928804397583
2.119022846221924
2.090649127960205
2.1584954261779785
2.207287311553955
2.238825559616089
2.327843189239502
1.8458795547485352
1.8212672472000122
2.051304340362549
2.237771987915039
2.0682332515716553
2.2349493503570557
2.1151621341705322
2.3599486351013184
1.9903333187103271
1.657172441482544
2.0028955936431885
2.2403275966644287
1.97517991065979
2.2472915649414062
2.2671027183532715
1.9218016862869263
1.6834965944290161
1.712030053138733
1.670167088508606
2.0463576316833496
2.0881357192993164
2.1216466426849365
2.0047783851623535
2.0787193775177
1.9497863054275513
1.6332424879074097
1.9410206079483032
2.1960763931274414
1.9815808534622192
2.0240399837493896
2.035745859146118
1.9584708213806152
2.071788787841797
1.8553215265274048
2.0346596240997314
2.150200366973877
2.2681400775909424
2.1878652572631836
1.9000871181488037
2.0780694484710693
1.8265719413757324
1.6344350576400757
1.7812705039978027
2.0015947818756104
2.137120485305786
2.125664234161377
1.9361428022384644
2.0355467796325684
2.0006537437438965
1.6016463041305542
1.8473702669143677
2.1267149448394775
2.0701723098754883
2.09810733795166
2.0349912643432617
1.8666876554489136
2.085404396057129
1.5262234210968018
1.8835029602050781
2.092932939529419
2.0794551372528076
1.841923475265503
2.299743413925171
2.033001661300659
1.6830217838287354
1.796242356300354
1.817039966583252
2.1702229976654053
2.0750441551208496
1.9247186183929443
2.063192129135132
1.7432451248168945
1.9301873445510864
1.4453824758529663
1.7893757820129395
2.0813469886779785
2.1380186080932617
1.9970521926879883
1.9866591691970825
2.0768961906433105
1.929880976676941
1.5541794300079346
1.6161075830459595
2.1436147689819336
1.8438605070114136
2.1857850551605225
1.8372327089309692
1.8849281072616577
1.9974762201309204
2.2267086505889893
1.857029914855957
1.9807969331741333
1.9474236965179443
2.322592258453369
1.9919168949127197
1.7206135988235474
1.7232118844985962
1.7282434701919556
1.6335076093673706
1.8692827224731445
1.949942708015442
1.7611486911773682
1.920745849609375
1.9192801713943481
1.7855743169784546
1.4731699228286743
1.8760182857513428
2.0637009143829346
1.809462070465088
1.7243789434432983
1.875009536743164
2.0915558338165283
1.5978915691375732
1.6384296417236328
1.893558144569397
2.064440965652466
1.7822902202606201
1.8873069286346436
1.9792163372039795
2.0298962593078613
1.5227481126785278
1.6395301818847656
1.9809417724609375
1.99244225025177
2.0487771034240723
2.0182111263275146
1.7594654560089111
2.1742284297943115
1.826235055923462
1.5454617738723755
1.6827235221862793
1.866851568222046
1.8044769763946533
1.8469161987304688
2.0051732063293457
2.0501389503479004
1.754808783531189
1.5859708786010742
1.675263524055481
1.84577214717865
2.344719409942627
2.004518508911133
2.104614496231079
2.0339808464050293
1.8455400466918945
1.692639708518982
1.6837785243988037
1.8836591243743896
2.0222630500793457
2.1298580169677734
1.992011308670044
1.8810876607894897
1.651129961013794
1.71805739402771
1.5450842380523682
2.0160186290740967
1.9916578531265259
1.689198613166809
2.110710382461548
1.9551963806152344
1.8530548810958862
1.7478065490722656
1.7664283514022827
2.001951217651367
1.8895031213760376
1.9204314947128296
1.9185799360275269
1.5952820777893066
1.7249799966812134
1.6600208282470703
1.845990538597107
2.065089225769043
1.9976320266723633
1.786689043045044
2.141043186187744
1.898221492767334
1.8365399837493896
1.5678304433822632
1.732776165008545
1.9658637046813965
2.018677234649658
1.9373894929885864
1.99830162525177
1.867539882659912
1.756883978843689
1.8662642240524292
1.6716413497924805
1.9132241010665894
2.11055326461792
1.9446477890014648
1.735484004020691
2.1471900939941406
1.644814372062683
1.7424073219299316
1.8332902193069458
1.821061134338379
1.938568353652954
1.7505357265472412
1.7548184394836426
2.0316836833953857
1.8218632936477661
1.69094979763031
1.7102831602096558
2.07057785987854
1.9277111291885376
1.7139300107955933
1.9009313583374023
1.8566242456436157
2.1280055046081543
1.5018123388290405
1.7659332752227783
1.7761391401290894
1.7515182495117188
1.927395224571228
1.7480148077011108
1.7205302715301514
1.5798132419586182
1.5361155271530151
1.6851162910461426
1.895193099975586
1.8159223794937134
1.8860658407211304
1.9280110597610474
1.7435137033462524
1.776168704032898
1.6895838975906372
1.7176893949508667
1.738735318183899
1.7519603967666626
2.020040988922119
1.8714405298233032
1.7979687452316284
1.9121544361114502
1.2175952196121216
1.6938562393188477
2.0550553798675537
2.0538477897644043
1.8466345071792603
1.5828627347946167
1.5747501850128174
1.4440394639968872
1.3788437843322754
1.7805269956588745
1.8329095840454102
1.9599024057388306
1.801577091217041
1.7208173274993896
1.8371933698654175
1.65346360206604
1.4826780557632446
1.5235016345977783
1.8667542934417725
1.9277526140213013
1.920852541923523
2.0169427394866943
1.8741512298583984
1.73028564453125
1.4790289402008057
1.5399630069732666
2.0667293071746826
1.6537532806396484
1.8239623308181763
1.6854896545410156
1.8597968816757202
1.4208884239196777
1.494632601737976
1.6878091096878052
1.9325841665267944
1.8722615242004395
1.6432675123214722
1.822544813156128
2.1795806884765625
1.793906331062317
1.6975233554840088
1.7296890020370483
2.038273811340332
1.7083216905593872
1.984876275062561
1.5726827383041382
1.8169102668762207
1.5858036279678345
1.459978461265564
1.7059756517410278
1.6434959173202515
1.8042560815811157
1.9266479015350342
1.7894011735916138
1.7546714544296265
1.7932053804397583
1.4293922185897827
1.557285189628601
1.6542943716049194
1.890515685081482
1.9660588502883911
1.7884434461593628
1.8487164974212646
1.7584502696990967
1.578417420387268
1.7732394933700562
1.8051738739013672
1.829532504081726
1.870134711265564
1.745253086090088
1.5905200242996216
1.786913514137268
1.1339738368988037
1.7192308902740479
1.9676154851913452
1.9297713041305542
1.8596370220184326
1.890121579170227
1.5780447721481323
1.5561330318450928
1.4438410997390747
1.5104501247406006
1.8771790266036987
1.838341474533081
2.0040531158447266
1.8230922222137451
1.829003930091858
1.8073056936264038
1.5222067832946777
1.687511682510376
1.9303655624389648
1.7161262035369873
1.7572695016860962
1.9551196098327637
1.6633410453796387
1.6590689420700073
1.6213465929031372
1.7747493982315063
1.9859479665756226
1.9670302867889404
1.8566622734069824
2.0236284732818604
1.9177114963531494
1.7353636026382446
1.4665806293487549
1.6491529941558838
1.9004629850387573
1.8147258758544922
1.6158093214035034
2.0920348167419434
1.771266222000122
1.6291176080703735
1.2065647840499878
1.5441290140151978
1.6739485263824463
1.9336634874343872
1.8642799854278564
1.8059791326522827
1.6849504709243774
1.87467622756958
1.2547893524169922
1.635886549949646
1.8690924644470215
1.5383319854736328
1.762866497039795
1.8637036085128784
1.9365110397338867
1.5057576894760132
1.6466071605682373
1.747066855430603
1.7406340837478638
1.6806566715240479
1.6617083549499512
1.659238576889038
1.917457938194275
1.587720513343811
1.4370112419128418
1.5914052724838257
1.7175387144088745
1.693395972251892
1.8143230676651
1.892386555671692
1.851528286933899
1.4757922887802124
1.5625375509262085
1.618295669555664
1.7047795057296753
1.830542802810669
1.6193690299987793
1.5515351295471191
1.5534749031066895
1.4751248359680176
1.3550902605056763
1.3873792886734009
1.8610435724258423
1.8591086864471436
1.9752707481384277
1.6471307277679443
1.8517367839813232
1.6833914518356323
1.573413610458374
1.5562947988510132
1.8166890144348145
1.7773910760879517
1.7703064680099487
1.7154850959777832
1.7594025135040283
1.7409857511520386
1.4441499710083008
1.4760735034942627
1.8053979873657227
1.7828025817871094
1.8725391626358032
1.71958589553833
1.7343806028366089
1.6128231287002563
1.286513328552246
1.6437242031097412
1.9365859031677246
1.9149826765060425
1.7921258211135864
1.5976052284240723
1.6353249549865723
1.717339277267456
1.361479640007019
1.585911512374878
1.744820237159729
1.7900160551071167
1.7846852540969849
1.820575475692749
1.746846079826355
1.2548760175704956
1.571291208267212
1.6230005025863647
1.9501214027404785
1.7590628862380981
1.6543827056884766
1.7599250078201294
1.6669715642929077
1.572031855583191
1.0322561264038086
1.4228392839431763
1.8424103260040283
1.7297217845916748
1.9630321264266968
1.763056755065918
1.9881240129470825
1.5760703086853027
1.3348031044006348
1.6782984733581543
1.7246628999710083
1.868966817855835
1.5634108781814575
1.935373067855835
1.6502106189727783
1.5464978218078613
1.2560522556304932
1.6010485887527466
1.5743963718414307
1.8745555877685547
1.9301525354385376
1.9060922861099243
1.8078006505966187
1.7704471349716187
1.5504869222640991
1.6885578632354736
1.6364332437515259
1.8164716958999634
1.6036877632141113
1.5809351205825806
1.9454469680786133
1.6980094909667969
1.4284030199050903
1.5128530263900757
1.5911020040512085
1.6281824111938477
1.8330700397491455
1.6096543073654175
1.6190255880355835
1.8336057662963867
1.5037363767623901
1.7643214464187622
1.692384958267212
1.73456609249115
1.6730643510818481
1.5660959482192993
1.5816839933395386
1.527738332748413
1.6867544651031494
1.6619137525558472
1.701783299446106
1.521941900253296
1.5021109580993652
1.7371411323547363
1.7502318620681763
1.6725494861602783
1.4314013719558716
1.6394827365875244
1.6860580444335938
1.8078871965408325
1.7797162532806396
1.8163716793060303
1.5982521772384644
1.486427664756775
1.2986009120941162
1.6764103174209595
1.7102504968643188
1.8640401363372803
1.7652409076690674
1.604806661605835
1.6210744380950928
1.4125696420669556
1.115785002708435
1.5533612966537476
1.8059947490692139
1.6068823337554932
1.8741297721862793
1.499582290649414
1.7424598932266235
1.6074657440185547
1.2565326690673828
1.4067186117172241
1.6761558055877686
1.9546035528182983
1.812502145767212
1.6589789390563965
1.5876259803771973
1.5048792362213135
1.5487405061721802
1.5169960260391235
1.7631808519363403
1.6014745235443115
1.889946460723877
1.8622338771820068
1.697840690612793
1.6808668375015259
1.3921012878417969
1.439747929573059
1.7302112579345703
1.6792454719543457
1.5992162227630615
1.723623514175415
1.4531161785125732
1.3830004930496216
1.2185349464416504
1.5182780027389526
1.4867311716079712
1.5217063426971436
1.4406055212020874
1.6532583236694336
1.6247069835662842
1.6850647926330566
1.3616340160369873
1.4928754568099976
1.8028662204742432
1.967879056930542
1.6794617176055908
1.681826114654541
1.7679357528686523
1.546757459640503
1.1872304677963257
1.7612241506576538
1.6526098251342773
1.749781608581543
1.7386094331741333
1.899173617362976
1.6363927125930786
1.8957622051239014
1.139312982559204
1.4959083795547485
1.8717528581619263
1.580625295639038
1.8409148454666138
1.6006255149841309
1.3938716650009155
1.5666782855987549
1.0463483333587646
1.454108476638794
1.5417425632476807
1.810326099395752
1.6626008749008179
1.6930503845214844
1.6645348072052002
1.5491336584091187
1.0513302087783813
1.3655937910079956
1.6652467250823975
1.5647046566009521
1.7266433238983154
1.5660972595214844
1.656807780265808
1.5046749114990234
1.3894085884094238
1.558279275894165
1.7152998447418213
1.7726579904556274
1.4640817642211914
1.5143800973892212
1.705038070678711
1.3182998895645142
1.4055266380310059
1.5430924892425537
1.8114063739776611
1.7059992551803589
1.555991768836975
1.4945355653762817
1.5572229623794556
1.6524938344955444
1.3218119144439697
1.615210771560669
1.6627461910247803
1.8203532695770264
1.6816059350967407
1.5635930299758911
1.6270140409469604
1.6433979272842407
1.421550989151001
1.7082394361495972
1.5334303379058838
1.732911467552185
1.5080859661102295
1.3722047805786133
1.5901587009429932
1.5517181158065796
1.4809998273849487
1.6273025274276733
1.6995773315429688
1.846221923828125
1.6500149965286255
1.7965508699417114
1.6274385452270508
1.3028812408447266
1.3932292461395264
1.5705465078353882
1.7080790996551514
1.6938804388046265
1.5824840068817139
1.6956067085266113
1.3852248191833496
1.4683265686035156
1.2076750993728638
1.4877383708953857
1.7977986335754395
1.546290636062622
1.593615174293518
1.6793864965438843
1.6398546695709229
1.4171490669250488
1.1236652135849
1.5018020868301392
1.611799716949463
1.6510969400405884
1.806054711341858
1.7415324449539185
1.9910345077514648
1.8084338903427124
1.2665565013885498
1.3729733228683472
1.6102838516235352
1.7938913106918335
1.5035150051116943
1.6452457904815674
1.67142653465271
1.7778974771499634
1.2920832633972168
1.5114758014678955
1.7405786514282227
1.8233057260513306
1.731407880783081
1.6580190658569336
1.3418956995010376
1.465872883796692
1.2388834953308105
1.3985236883163452
1.5760936737060547
1.7583515644073486
1.5729511976242065
1.652279019355774
1.244507074356079
1.6085728406906128
1.3681544065475464
4.995073318481445
5.346150875091553
5.708338260650635
5.470734596252441
5.516658782958984
5.53183126449585
5.294365882873535
4.42087459564209
5.2984185218811035
5.290594577789307
5.474038600921631
5.411070346832275
5.366555213928223
5.4174628257751465
5.072275161743164
4.964493751525879
4.928645133972168
5.5374274253845215
5.34959602355957
5.242639541625977
4.896361827850342
5.260034561157227
4.447699069976807
4.726903438568115
4.61052131652832
4.888061046600342
4.832437992095947
4.585853576660156
4.6801958084106445
4.1564178466796875
4.011102199554443
3.5700602531433105
3.8814494609832764
3.9507813453674316
3.904421329498291
3.8077151775360107
3.7018191814422607
3.5634098052978516
3.370999813079834
3.1826605796813965
3.0687217712402344
3.640692949295044
3.644669771194458
3.211557149887085
3.6964521408081055
3.7927780151367188
3.249934434890747
3.0360474586486816
4.4779582023620605
5.42818546295166
5.458680152893066
5.036989688873291
5.246129989624023
5.069738864898682
4.883759021759033
4.057859897613525
4.885059833526611
5.128296852111816
5.095784664154053
5.029847145080566
5.064887523651123
5.445565223693848
5.083153247833252
4.390260219573975
4.846287727355957
5.037416458129883
4.744217395782471
4.887449741363525
4.804800987243652
4.603038311004639
4.748342037200928
4.2654948234558105
4.103498935699463
4.492300033569336
4.148088455200195
4.433626174926758
4.0111083984375
4.01747465133667
3.8107962608337402
3.7883248329162598
3.378159761428833
3.809567451477051
3.726365327835083
3.6156022548675537
3.4132823944091797
3.4625134468078613
3.2550103664398193
2.7466678619384766
3.1167783737182617
3.4865310192108154
3.4073667526245117
3.9644789695739746
3.5697202682495117
3.4475643634796143
3.832671642303467
3.3761277198791504
2.900637626647949
3.4577362537384033
3.3553285598754883
3.4468166828155518
3.5921316146850586
3.4842312335968018
3.325847625732422
2.7749476432800293
3.297398805618286
3.393533229827881
3.717639207839966
3.6073219776153564
3.48946213722229
3.3826165199279785
3.1434900760650635
2.7206051349639893
3.3475759029388428
3.434098958969116
3.5356693267822266
3.3156535625457764
3.471846103668213
3.3161873817443848
3.2520558834075928
2.6790425777435303
3.054797887802124
3.5457217693328857
3.6152186393737793
3.437690496444702
3.358996868133545
3.8968169689178467
3.5095646381378174
2.7408244609832764
3.1633048057556152
3.444251298904419
3.496391534805298
3.545015335083008
3.3840363025665283
3.2366747856140137
3.321486711502075
2.7375025749206543
3.2616472244262695
3.3282580375671387
3.4985902309417725
3.3735671043395996
3.3861701488494873
3.2845945358276367
2.9927499294281006
2.560004472732544
3.1857376098632812
3.1858482360839844
3.325943946838379
3.126816749572754
3.0025646686553955
2.7879385948181152
2.7456181049346924
2.687317132949829
2.650041341781616
3.0396149158477783
3.1270089149475098
2.897001266479492
2.9852840900421143
2.8029541969299316
2.861393451690674
2.6106321811676025
2.55792236328125
2.886439085006714
2.8923304080963135
2.7511086463928223
3.216968297958374
3.097843885421753
2.38033127784729
2.383105516433716
2.4212586879730225
2.97724986076355
2.7083756923675537
2.6407346725463867
2.730865478515625
2.5368003845214844
2.2965316772460938
1.9275251626968384
2.5883214473724365
2.6954293251037598
2.5141961574554443
2.816115140914917
2.548426866531372
2.601400375366211
2.5631766319274902
2.323674201965332
2.44985294342041
2.6651859283447266
2.6067678928375244
2.7925503253936768
2.5701379776000977
2.5872154235839844
2.526855230331421
2.2449891567230225
2.3319692611694336
2.6917121410369873
2.8149192333221436
2.80515718460083
2.6828901767730713
2.6570305824279785
2.464326858520508
2.2958102226257324
2.5156540870666504
2.616772174835205
2.708758592605591
2.6461236476898193
2.5729031562805176
2.456235885620117
2.5333449840545654
2.3483173847198486
2.404682159423828
2.5528929233551025
2.636383295059204
2.692063808441162
2.878687858581543
2.457573175430298
2.555966377258301
1.9107550382614136
2.4630937576293945
2.4831018447875977
2.4653661251068115
2.4872233867645264
2.405452251434326
2.3796679973602295
2.2780678272247314
1.9502642154693604
2.105285882949829
2.4557595252990723
2.44016170501709
2.5723259449005127
2.5896313190460205
2.4504811763763428
2.6120245456695557
2.1837143898010254
2.183440685272217
2.5976295471191406
2.607839345932007
2.3793108463287354
2.165935754776001
2.4022750854492188
2.3222453594207764
2.190993547439575
2.4525301456451416
2.390894889831543
2.3283004760742188
2.549078941345215
2.3507912158966064
2.7168498039245605
1.9433788061141968
2.0925896167755127
2.0651443004608154
2.654592275619507
2.720527172088623
2.4429736137390137
2.6151444911956787
2.4962973594665527
2.105780839920044
1.9588983058929443
2.2282278537750244
2.5483458042144775
2.436812400817871
2.295944929122925
2.3477838039398193
2.6990203857421875
1.9887465238571167
2.265507221221924
2.2428951263427734
2.3223652839660645
2.5706841945648193
2.3758022785186768
2.6139676570892334
2.3936946392059326
2.0724878311157227
1.7933002710342407
2.144451379776001
2.2514426708221436
2.11051082611084
2.2630856037139893
2.317873001098633
2.147503137588501
1.9694918394088745
1.914435625076294
1.9742720127105713
2.4944369792938232
2.373960018157959
2.378605365753174
2.4013895988464355
2.2946977615356445
2.2016923427581787
1.9689908027648926
2.265324592590332
2.302389144897461
2.3355424404144287
2.462898015975952
2.174386978149414
2.2716872692108154
2.2445461750030518
2.1879384517669678
2.183816432952881
2.28402042388916
2.4210774898529053
2.4606082439422607
2.235017776489258
2.170874834060669
2.1812500953674316
1.7066673040390015
2.0676374435424805
2.58347749710083
2.3562278747558594
2.366654634475708
2.1573212146759033
2.2187883853912354
2.129572868347168
1.839769721031189
2.070768117904663
2.2328877449035645
2.3066041469573975
2.348914623260498
2.258159637451172
1.9507814645767212
2.0915634632110596
1.864488124847412
2.059579849243164
2.1459522247314453
2.4108431339263916
2.182067632675171
2.5028626918792725
2.0026731491088867
2.1883485317230225
1.8321858644485474
2.0903282165527344
2.324498414993286
2.152283191680908
2.2610790729522705
2.023772954940796
2.0034472942352295
2.1085283756256104
2.045086622238159
2.2071263790130615
2.406867265701294
2.316800355911255
2.4476728439331055
2.1120553016662598
2.292686700820923
1.8598419427871704
1.9075156450271606
1.9124295711517334
2.2929320335388184
1.9526270627975464
2.279212474822998
2.3249480724334717
2.221412420272827
2.321632146835327
1.7734858989715576
1.782585859298706
2.2057857513427734
2.1377410888671875
2.1632399559020996
2.4017934799194336
2.348447561264038
2.529650926589966
1.6949453353881836
2.1443512439727783
2.2684643268585205
2.43312406539917
2.1034111976623535
2.2541983127593994
2.0264086723327637
2.262291669845581
1.719851016998291
2.0442514419555664
2.3796911239624023
2.283416271209717
2.3076014518737793
2.285386562347412
1.9433833360671997
1.9206360578536987
1.5233696699142456
2.008133888244629
2.2511191368103027
2.0756373405456543
1.939399242401123
1.9917168617248535
2.1533799171447754
1.961309790611267
1.8834985494613647
2.0255210399627686
2.3046584129333496
2.1233201026916504
2.130951404571533
1.856225609779358
2.002075672149658
1.8782378435134888
1.9713952541351318
1.888164758682251
1.963400959968567
2.400588274002075
1.855789065361023
1.9299288988113403
2.240429401397705
2.122891426086426
1.4294859170913696
1.7652537822723389
2.1219050884246826
1.9761557579040527
2.09980845451355
2.1372599601745605
1.725759744644165
2.2305679321289062
1.8442503213882446
2.0059940814971924
1.9711391925811768
2.085916757583618
2.0580379962921143
2.010779857635498
2.148885726928711
1.876460313796997
1.798154354095459
1.747396469116211
2.012810468673706
2.1044044494628906
1.9810577630996704
2.121324300765991
1.990915060043335
1.957492709159851
1.6781798601150513
2.0678813457489014
2.0277671813964844
1.9143099784851074
2.2142720222473145
2.258883476257324
2.1584126949310303
1.8050626516342163
1.9333699941635132
1.9197876453399658
2.048490047454834
2.169421672821045
2.164926767349243
1.9505369663238525
1.9755024909973145
1.7455439567565918
1.8039638996124268
1.8612066507339478
2.1109251976013184
1.9996751546859741
2.272019863128662
2.0364830493927
2.2479748725891113
1.9397573471069336
1.7120009660720825
1.8110361099243164
2.011838912963867
2.0189685821533203
2.0219614505767822
2.262895345687866
1.8981614112854004
1.8676809072494507
1.4316462278366089
1.7349737882614136
1.9740523099899292
1.933826208114624
1.9684810638427734
2.180602550506592
2.192910671234131
2.128788709640503
1.5050075054168701
1.7138398885726929
1.964630126953125
1.9987651109695435
2.0321044921875
1.8910510540008545
2.185692071914673
1.6683717966079712
1.628281831741333
1.8751540184020996
1.94095778465271
1.9691282510757446
2.011354446411133
1.8670605421066284
1.932194709777832
1.6417508125305176
1.6375877857208252
1.7191444635391235
2.0288708209991455
1.9486263990402222
1.8888070583343506
1.7793327569961548
2.0280704498291016
2.073621988296509
1.5815807580947876
1.8060715198516846
1.8685576915740967
1.9850051403045654
1.765953779220581
1.8052211999893188
1.9281058311462402
1.7974332571029663
1.3081766366958618
1.7054164409637451
2.0224647521972656
2.2226145267486572
2.0150253772735596
1.8941936492919922
2.2132155895233154
1.798611044883728
1.7970484495162964
1.8608417510986328
1.9765403270721436
1.9559742212295532
2.0655345916748047
1.8974486589431763
2.1315343379974365
2.0198705196380615
1.7487696409225464
1.7252309322357178
1.996946096420288
2.0150487422943115
2.078695774078369
2.068584680557251
1.9612159729003906
1.9021108150482178
1.9423023462295532
1.6937006711959839
1.8822606801986694
1.9562726020812988
5.081939220428467
5.673989772796631
5.701112747192383
5.640561580657959
5.246605396270752
5.631768226623535
5.784481525421143
5.723850250244141
5.678636074066162
5.333543300628662
5.227096080780029
4.746413707733154
5.58561897277832
5.451045036315918
5.5546040534973145
5.61644172668457
5.2743988037109375
5.066873073577881
4.948885440826416
5.012160778045654
4.397820472717285
4.429455280303955
4.468311786651611
4.75522518157959
4.487193584442139
4.375502109527588
4.137342929840088
4.1203436851501465
4.194000720977783
4.010699272155762
3.9608590602874756
3.776944875717163
3.620882987976074
3.199741840362549
3.528744697570801
3.8203678131103516
3.653907060623169
3.3961915969848633
3.534306287765503
3.542647361755371
3.4634056091308594
3.487156629562378
3.5664196014404297
3.6919970512390137
3.138190507888794
3.4941978454589844
3.6087331771850586
3.596071243286133
3.4577810764312744
3.4482035636901855
3.907125234603882
3.457340955734253
3.2867538928985596
3.6199393272399902
3.367784261703491
3.1521451473236084
3.4438796043395996
3.615455389022827
3.581458568572998
3.547657012939453
3.4090638160705566
3.5340607166290283
5.024587631225586
5.4451704025268555
5.484736442565918
5.454489707946777
5.7100911140441895
5.731688499450684
5.644957065582275
5.600151538848877
5.435171127319336
5.552466869354248
5.506279945373535
5.28408145904541
5.453011512756348
5.294940948486328
5.216723442077637
5.262351036071777
4.882480144500732
5.173261642456055
4.961235523223877
4.128872394561768
4.653550624847412
4.605264663696289
4.648133754730225
4.411311626434326
4.522261142730713
4.343667507171631
4.081360816955566
3.9423272609710693
4.011661052703857
4.070970058441162
3.801490545272827
3.9493377208709717
3.8893778324127197
3.7420156002044678
3.811323881149292
3.49289608001709
3.4547417163848877
3.437598466873169
3.172297954559326
3.6051292419433594
3.6149210929870605
3.470709800720215
3.700465202331543
3.6665537357330322
3.6491875648498535
3.366858720779419
3.561488151550293
3.614985704421997
3.4983184337615967
3.6123199462890625
3.4770889282226562
3.7270002365112305
3.557816743850708
3.725961446762085
3.42681884765625
3.5379176139831543
3.300802707672119
3.1232712268829346
3.455732822418213
3.3799407482147217
3.537808656692505
3.439939498901367
3.5765743255615234
3.5684945583343506
3.3588063716888428
3.534511089324951
3.463857650756836
3.523052453994751
3.524876356124878
3.5299153327941895
3.531442642211914
3.39923357963562
3.322826623916626
3.2877988815307617
3.312413215637207
3.3880295753479004
3.145231246948242
3.4137990474700928
3.42393159866333
3.45509672164917
3.4025564193725586
3.516775131225586
3.63871431350708
3.3160877227783203
3.354245185852051
3.5122928619384766
3.4280383586883545
3.4105775356292725
3.3530988693237305
3.602919816970825
3.2547061443328857
3.401350498199463
3.268721342086792
3.215092420578003
3.222142219543457
2.8816092014312744
3.353517770767212
3.368983745574951
3.3728954792022705
3.4284369945526123
3.3961446285247803
3.291264772415161
3.1996920108795166
3.1584279537200928
3.0402698516845703
3.3096160888671875
3.015843152999878
3.314871311187744
3.095924139022827
3.076383113861084
4.8823628425598145
4.769192218780518
5.419462203979492
5.441997528076172
5.530081272125244
5.6119537353515625
5.619217872619629
5.6630401611328125
5.7338151931762695
5.398255348205566
5.487688064575195
5.55561637878418
5.65246057510376
5.394835948944092
5.26326322555542
5.404794692993164
5.427767276763916
4.870408058166504
4.81339693069458
4.73544454574585
4.496249675750732
4.032208442687988
4.4071760177612305
4.45366907119751
4.424796104431152
4.343019485473633
4.298821449279785
4.1126604080200195
3.8954944610595703
3.8668060302734375
3.7940709590911865
3.9043169021606445
3.701611042022705
3.7014620304107666
3.660228729248047
3.5569355487823486
3.655128240585327
3.494192361831665
3.5199429988861084
3.444005012512207
3.3196041584014893
3.078242540359497
3.5934395790100098
3.542613983154297
3.445793628692627
3.6141374111175537
3.7164711952209473
3.769976854324341
3.471078634262085
3.500370502471924
3.509789228439331
3.5291929244995117
3.522890329360962
3.650106906890869
3.5020713806152344
3.6465725898742676
3.5706465244293213
3.3767600059509277
3.318150281906128
3.5139715671539307
3.3659114837646484
3.0398430824279785
3.420842409133911
3.4899463653564453
3.5986220836639404
3.561480760574341
3.487373113632202
3.582202911376953
3.3694770336151123
3.4702706336975098
3.4856364727020264
3.568767547607422
3.5683863162994385
3.477046012878418
3.3534369468688965
3.572277069091797
3.612635612487793
3.4196207523345947
3.483832597732544
3.1568667888641357
3.0913045406341553
2.9604709148406982
3.410339832305908
3.4323456287384033
3.3913464546203613
3.46090030670166
3.4407315254211426
3.505486488342285
3.4338855743408203
3.258180856704712
3.2531239986419678
3.260235548019409
3.51007342338562
3.0934503078460693
3.4160757064819336
3.010411262512207
2.932842493057251
3.3642308712005615
2.782271146774292
2.8948817253112793
2.850022792816162
2.5468037128448486
2.8095169067382812
2.919055700302124
2.880418062210083
2.9291093349456787
3.1030430793762207
2.8600411415100098
2.6983747482299805
2.862504243850708
2.965372085571289
2.734788179397583
2.7351772785186768
2.7084782123565674
2.7819454669952393
3.0642244815826416
2.7595434188842773
2.628282070159912
2.7295103073120117
2.5657026767730713
2.4549472332000732
2.3502626419067383
2.63187575340271
2.668184518814087
2.6902263164520264
2.849358320236206
2.8649561405181885
2.764521360397339
2.778106689453125
2.776127576828003
2.6929144859313965
2.7916204929351807
2.894136905670166
2.594517707824707
2.769336223602295
2.722903251647949
2.558950424194336
2.7735815048217773
2.3747639656066895
2.384476900100708
2.4087584018707275
2.1854050159454346
2.4957144260406494
2.489306926727295
2.6348509788513184
2.6844496726989746
2.6860058307647705
2.802121162414551
2.4570834636688232
2.5312230587005615
2.4882304668426514
2.5032105445861816
2.437025547027588
2.5987565517425537
2.6271097660064697
2.5718190670013428
2.5386910438537598
2.4591891765594482
2.417013168334961
2.3262577056884766
2.379877805709839
2.245098114013672
2.4567983150482178
2.477898120880127
2.4954771995544434
2.5961263179779053
2.7057414054870605
2.533587694168091
2.493831157684326
2.577669382095337
2.5171313285827637
2.4905545711517334
2.6464521884918213
2.3449320793151855
2.5802693367004395
2.6360254287719727
2.4236361980438232
2.3871476650238037
2.319979667663574
2.226274251937866
2.2731781005859375
2.066226005554199
2.380171298980713
2.4828619956970215
2.4924204349517822
2.4939124584198
2.57735013961792
2.6003262996673584
2.415992498397827
2.5267868041992188
2.290806293487549
2.4632833003997803
2.5769407749176025
2.3022868633270264
2.317380905151367
2.387598991394043
2.5040533542633057
2.276261329650879
2.1948580741882324
2.2962241172790527
2.1523919105529785
2.0493125915527344
2.2582528591156006
2.3511929512023926
2.4807565212249756
2.4249720573425293
2.4833106994628906
2.4899394512176514
2.356820583343506
2.4168624877929688
2.4246280193328857
2.547879457473755
2.305445432662964
2.4346466064453125
2.315553665161133
2.5290465354919434
2.4036829471588135
2.216048240661621
2.188861131668091
2.1395840644836426
1.9667963981628418
1.9797016382217407
2.2702248096466064
2.2595858573913574
2.3375344276428223
2.369250774383545
2.4517221450805664
2.289677143096924
2.3034451007843018
2.3130431175231934
2.2446343898773193
2.2547662258148193
2.39098858833313
2.2764663696289062
2.2057125568389893
2.268385171890259
2.170832395553589
2.2644293308258057
2.128091812133789
2.2188937664031982
2.0051310062408447
1.9227408170700073
2.1887035369873047
2.21449875831604
2.2679507732391357
2.3190104961395264
2.363206624984741
2.396587610244751
2.3055832386016846
2.2335517406463623
2.2143073081970215
2.2901155948638916
2.3256261348724365
2.2425692081451416
2.30961537361145
2.1976680755615234
2.209798574447632
2.1540043354034424
1.9986480474472046
2.096130609512329
1.8127148151397705
1.904497742652893
2.0689101219177246
2.180363655090332
2.2777857780456543
2.2340121269226074
2.3987972736358643
2.2815284729003906
2.1833577156066895
2.215940475463867
2.2082202434539795
2.1884028911590576
2.2763423919677734
2.089015483856201
2.140428304672241
2.2599823474884033
2.200573205947876
2.1545848846435547
2.003667116165161
2.0740654468536377
2.033635139465332
2.0244529247283936
2.1184208393096924
2.0722222328186035
2.1001741886138916
2.225193977355957
2.276252269744873
2.277411937713623
2.1378798484802246
2.1542105674743652
2.118784189224243
2.0328891277313232
2.2384543418884277
2.125690460205078
2.104055643081665
2.0462355613708496
1.9874517917633057
2.119305372238159
1.8490190505981445
2.061589241027832
2.0067288875579834
1.7438596487045288
1.910029411315918
2.0304462909698486
2.178614616394043
2.0874521732330322
2.1366841793060303
2.2018260955810547
2.0944085121154785
2.0955677032470703
2.1803388595581055
2.1765060424804688
1.9479433298110962
2.240239143371582
2.1961941719055176
2.0423035621643066
2.257124662399292
1.9042389392852783
1.9939519166946411
1.8327666521072388
1.7503471374511719
1.8349556922912598
1.995506763458252
2.137075901031494
2.177781343460083
2.1821165084838867
2.1484572887420654
2.045764446258545
1.9819021224975586
1.987389326095581
2.0673108100891113
2.1912918090820312
1.9272098541259766
2.0607094764709473
2.0596442222595215
2.0153565406799316
2.0922646522521973
1.9378888607025146
1.7890996932983398
1.8809000253677368
1.7515218257904053
1.7226821184158325
1.9743242263793945
1.9549291133880615
1.9236502647399902
1.9579508304595947
1.9641728401184082
1.9988714456558228
2.0854010581970215
2.0908050537109375
1.9994590282440186
1.9581620693206787
1.9871517419815063
2.0231103897094727
1.9576566219329834
2.0301523208618164
1.841939091682434
1.9442139863967896
1.8589059114456177
1.8058279752731323
1.699170470237732
1.6929384469985962
1.8682438135147095
1.955725908279419
1.9358656406402588
1.9929646253585815
2.202425003051758
1.94876229763031
2.0412180423736572
1.9087671041488647
2.0069193840026855
2.034132719039917
2.0504114627838135
2.0176544189453125
1.8889353275299072
1.8734768629074097
2.0161969661712646
1.8801403045654297
1.7503018379211426
1.7517236471176147
1.6464307308197021
1.7391828298568726
1.8916655778884888
1.8455243110656738
1.9933891296386719
1.9449043273925781
1.9142037630081177
1.9986612796783447
1.946389079093933
1.9492007493972778
1.9211734533309937
1.9202886819839478
1.881946325302124
1.8268736600875854
1.9240432977676392
2.0497004985809326
1.946531057357788
1.819512128829956
1.9068855047225952
1.8141446113586426
1.7524617910385132
1.5905730724334717
1.8554292917251587
1.8851646184921265
1.951897382736206
1.8913755416870117
2.012895107269287
2.038604974746704
1.7980190515518188
1.9864580631256104
1.8300487995147705
1.9223825931549072
2.0590121746063232
1.8331351280212402
1.8204790353775024
2.0650274753570557
1.965119481086731
1.8219538927078247
1.5734325647354126
1.8331596851348877
1.50669527053833
1.661405086517334
1.8293462991714478
1.8285539150238037
1.884138822555542
1.9453620910644531
1.9262747764587402
1.9566090106964111
1.8826042413711548
1.9519997835159302
1.8867532014846802
1.945418357849121
1.7787021398544312
1.9257895946502686
1.7379335165023804
1.733830213546753
1.83141028881073
1.8920202255249023
1.910787582397461
1.825215458869934
1.713670015335083
1.6247122287750244
1.871698260307312
1.8441816568374634
1.9510525465011597
1.8716018199920654
2.02494478225708
1.8640549182891846
1.9634191989898682
1.8437896966934204
1.8844525814056396
1.8460625410079956
1.8689342737197876
1.8724230527877808
1.7567743062973022
1.9533923864364624
1.9374229907989502
1.7525001764297485
1.677832007408142
1.6712366342544556
1.66775381565094
1.6088109016418457
1.7875053882598877
1.705501914024353
1.871019959449768
1.836021065711975
1.8075017929077148
1.840233564376831
1.8565593957901
1.7887030839920044
1.8696905374526978
1.8355813026428223
1.8876250982284546
1.8208788633346558
1.7185224294662476
1.828348159790039
1.7937822341918945
1.7181659936904907
1.664378046989441
1.7531962394714355
1.4387751817703247
1.6407911777496338
1.793972134590149
1.8026249408721924
1.8060952425003052
1.8058875799179077
1.8708741664886475
1.9152902364730835
1.9549221992492676
1.877661108970642
1.85831618309021
1.7733640670776367
1.9472429752349854
1.7678390741348267
1.7924916744232178
1.6926889419555664
1.6913208961486816
1.8895856142044067
1.6662988662719727
1.5228396654129028
1.5309796333312988
1.6368974447250366
1.7436442375183105
1.7385728359222412
1.8919564485549927
1.8385158777236938
1.88401198387146
1.7041350603103638
1.8036500215530396
1.8210567235946655
1.8436238765716553
1.7866655588150024
1.7585574388504028
1.7790557146072388
1.9140636920928955
1.813654899597168
1.765160322189331
1.6925345659255981
1.5719012022018433
1.8133291006088257
1.4990870952606201
1.4820963144302368
1.684752106666565
1.7106984853744507
1.7903380393981934
1.779490351676941
1.7114115953445435
1.8652104139328003
1.7672498226165771
1.8317742347717285
1.6575393676757812
1.8803154230117798
1.8080459833145142
1.7448031902313232
1.7757341861724854
1.7089844942092896
1.846353530883789
1.514383316040039
1.6135904788970947
1.5609499216079712
1.6636366844177246
1.5519875288009644
1.7466695308685303
1.7461000680923462
1.811592698097229
1.8400682210922241
1.8237489461898804
1.9125109910964966
1.6821526288986206
1.7885442972183228
1.7973887920379639
1.694035291671753
1.8263254165649414
1.6912649869918823
1.6321526765823364
1.9137566089630127
1.6397297382354736
1.7826392650604248
1.5593020915985107
1.566678762435913
1.6606314182281494
1.516312599182129
1.6418039798736572
1.73481023311615
1.6957502365112305
1.7701852321624756
1.900552749633789
1.7665519714355469
1.603204369544983
1.7412062883377075
1.8204305171966553
1.8994359970092773
1.7449735403060913
1.7089385986328125
1.4963879585266113
1.6168396472930908
1.8716216087341309
1.636871099472046
1.520787000656128
1.5177569389343262
1.3879048824310303
1.494754433631897
1.7338939905166626
1.7336382865905762
1.7510422468185425
1.806767225265503
1.8192044496536255
1.7041680812835693
1.6730988025665283
1.7294598817825317
1.8143864870071411
1.7077131271362305
1.7220888137817383
1.6413077116012573
1.8356672525405884
1.758992075920105
1.692335844039917
1.614940881729126
1.5423130989074707
1.6910279989242554
1.4050055742263794
1.4834972620010376
1.7058814764022827
1.5945377349853516
1.6557400226593018
1.6683799028396606
1.7375932931900024
1.7346292734146118
1.6865191459655762
1.7200472354888916
1.7699451446533203
1.7291940450668335
1.6459412574768066
1.7276597023010254
1.5907652378082275
1.7819703817367554
1.6832362413406372
1.6010915040969849
1.5357531309127808
1.533478021621704
1.4356346130371094
1.4844990968704224
1.6367429494857788
1.7941359281539917
1.798272967338562
1.7509738206863403
1.7340558767318726
1.6569432020187378
1.6805914640426636
1.751504898071289
1.635939359664917
1.7536226511001587
1.6615211963653564
1.5943363904953003
1.6114304065704346
1.5987592935562134
1.674538493156433
1.5810484886169434
1.5054192543029785
1.5382518768310547
1.3582364320755005
1.553810477256775
1.60591459274292
1.6931524276733398
1.7331956624984741
1.7157258987426758
1.7778586149215698
1.6660064458847046
1.6331099271774292
1.7161662578582764
1.6069250106811523
1.8685425519943237
1.5103236436843872
1.5679450035095215
1.5120283365249634
1.5787007808685303
1.6635655164718628
1.4934219121932983
1.5876001119613647
1.3986718654632568
1.3317594528198242
1.495936393737793
1.6957416534423828
1.6828941106796265
1.7023173570632935
1.7935779094696045
1.7978779077529907
1.7074971199035645
1.6400758028030396
1.8100494146347046
1.6999067068099976
1.627054214477539
1.706990122795105
1.689217209815979
1.5845317840576172
1.8018395900726318
1.629043459892273
1.430259108543396
1.5485197305679321
1.6014893054962158
1.4556970596313477
1.4841898679733276
1.639658808708191
1.5544776916503906
1.708081841468811
1.6047098636627197
1.679776906967163
1.6615179777145386
1.6679527759552002
1.6888090372085571
1.555176019668579
1.5930408239364624
1.7433024644851685
1.557636022567749
1.521609902381897
1.5312467813491821
1.5846563577651978
1.5543668270111084
1.316206693649292
1.4603466987609863
1.3145543336868286
1.3966745138168335
1.640937328338623
1.6179510354995728
1.718774437904358
1.739715814590454
1.7486107349395752
1.6581366062164307
1.500996470451355
1.6913646459579468
1.784571647644043
1.6393300294876099
1.5374176502227783
1.605483055114746
1.69656503200531
1.5105823278427124
1.6881015300750732
1.480054497718811
1.5478787422180176
1.338043212890625
1.4704028367996216
1.447620153427124
1.6392488479614258
1.6207849979400635
1.6421085596084595
1.6870955228805542
1.6547142267227173
1.6155967712402344
1.5589792728424072
1.6397494077682495
1.5707054138183594
1.549558401107788
1.6223405599594116
1.5326370000839233
1.5049585103988647
1.5287553071975708
1.5424898862838745
1.445337176322937
1.413923978805542
1.2811132669448853
1.2664049863815308
1.4056413173675537
1.4475476741790771
1.5620100498199463
1.592995285987854
1.6486467123031616
1.5905507802963257
1.7087604999542236
1.5280095338821411
1.6262469291687012
1.567098617553711
1.6374489068984985
1.5518335103988647
1.5739493370056152
1.5238491296768188
1.6512441635131836
1.6181795597076416
1.4893556833267212
1.5204428434371948
1.4850040674209595
1.3328258991241455
1.4179795980453491
1.5244014263153076
1.5190515518188477
1.6224247217178345
1.661027431488037
1.5907918214797974
1.6642141342163086
1.5334563255310059
1.5760691165924072
1.5059748888015747
1.6074132919311523
1.5717946290969849
1.5210037231445312
1.5182075500488281
1.4684247970581055
1.4204691648483276
1.5121606588363647
1.3736354112625122
1.3849581480026245
1.3021149635314941
1.4418281316757202
1.500540852546692
1.5766677856445312
1.6442629098892212
1.6259849071502686
1.5720142126083374
1.596610188484192
1.6683257818222046
1.50126314163208
1.5395838022232056
1.564860463142395
1.4926644563674927
1.6154229640960693
1.5621720552444458
1.5599920749664307
1.461111307144165
1.3786672353744507
1.4130313396453857
1.3162118196487427
1.3367482423782349
4.888003349304199
5.438635349273682
5.454453945159912
5.6327619552612305
5.652100563049316
5.6120686531066895
5.7722320556640625
5.643770694732666
5.476932525634766
5.590449333190918
5.533199310302734
5.639845848083496
5.712329864501953
5.432775974273682
5.493204593658447
5.791553974151611
5.297662258148193
5.4640913009643555
5.218937873840332
5.092066764831543
4.586723804473877
5.0615010261535645
4.984753608703613
4.999587535858154
4.97747278213501
5.199355602264404
4.862691402435303
4.7631120681762695
4.390658855438232
4.5111846923828125
4.210236549377441
4.389331340789795
4.1036176681518555
4.011362075805664
4.197817802429199
3.9087841510772705
3.7446646690368652
3.5353550910949707
3.749840259552002
3.525763988494873
3.199864625930786
3.5102710723876953
3.5061848163604736
3.5802085399627686
3.545088529586792
3.597939968109131
3.719536066055298
3.728313684463501
3.4133529663085938
3.624152183532715
3.6231863498687744
3.704031467437744
3.643097400665283
3.557734966278076
3.791133403778076
3.5182838439941406
3.6458632946014404
3.3154444694519043
3.531865358352661
3.2849133014678955
3.1629559993743896
3.509640693664551
3.5679752826690674
3.4939489364624023
3.5383403301239014
3.676448345184326
3.4820244312286377
3.425563335418701
3.48634934425354
3.372748613357544
3.5780599117279053
3.4472193717956543
3.577820062637329
3.467012643814087
3.473234176635742
3.5557761192321777
3.4778242111206055
3.45562481880188
3.441392183303833
3.327319622039795
3.0595271587371826
3.3911349773406982
3.513880968093872
3.525599241256714
3.4237003326416016
3.5849785804748535
3.5529279708862305
3.5965847969055176
3.3577840328216553
3.4152379035949707
3.4278533458709717
3.594348192214966
3.3539998531341553
3.481851816177368
3.50130295753479
3.4190447330474854
3.19478440284729
3.3239052295684814
3.342524766921997
2.962925434112549
2.893585681915283
3.26865291595459
3.1777613162994385
3.296734571456909
3.2757182121276855
3.208388566970825
3.1210527420043945
2.963158130645752
3.103029489517212
2.9837591648101807
3.044546127319336
2.8639378547668457
3.057734251022339
2.8332338333129883
2.9334659576416016
2.9609014987945557
2.8867101669311523
2.6229279041290283
2.6741530895233154
2.6892542839050293
2.4104340076446533
2.8081414699554443
2.72133469581604
2.835409641265869
2.913012981414795
2.892838954925537
2.787804365158081
2.752944231033325
2.6945860385894775
2.904083251953125
2.831681728363037
2.653803586959839
2.7288975715637207
2.7232248783111572
2.79178786277771
2.748027801513672
2.5490643978118896
2.6749424934387207
2.560945749282837
2.505432605743408
2.3024983406066895
2.585966110229492
2.687873601913452
2.6974804401397705
2.7808544635772705
2.781766653060913
2.846189498901367
2.77195143699646
2.695653200149536
2.5011606216430664
2.5867018699645996
2.892143964767456
2.450373649597168
2.7651517391204834
2.6872177124023438
2.5445706844329834
2.6086878776550293
2.3761157989501953
2.3644163608551025
2.371333599090576
2.2379796504974365
2.593569278717041
2.518066167831421
2.604541778564453
2.648664712905884
2.6587352752685547
2.5923280715942383
2.464390277862549
2.620671272277832
2.5696935653686523
2.6208128929138184
2.427272081375122
2.511404037475586
2.652132987976074
2.5759992599487305
2.571338415145874
2.353579044342041
2.255268096923828
2.2403595447540283
2.329582929611206
2.125904083251953
2.33779239654541
2.405102014541626
2.4797048568725586
2.4900732040405273
2.605893611907959
2.5232949256896973
2.5254175662994385
2.3695948123931885
2.4021129608154297
2.441105365753174
2.613252878189087
2.4403157234191895
2.4771320819854736
2.47809100151062
2.1802403926849365
2.44889760017395
2.3668172359466553
2.4625611305236816
2.266089677810669
2.1326000690460205
2.3761725425720215
2.325350046157837
2.3227243423461914
2.571787118911743
2.4289309978485107
2.488115072250366
2.295907735824585
2.3368256092071533
2.3706929683685303
2.508756160736084
2.38523530960083
2.3811819553375244
2.2694602012634277
2.4166877269744873
2.562439441680908
2.3730170726776123
2.187556505203247
2.2375330924987793
2.035351276397705
1.9441035985946655
2.2926442623138428
2.135720729827881
2.327232599258423
2.3817226886749268
2.3408517837524414
2.354299306869507
2.429541826248169
2.2822303771972656
2.2435617446899414
2.2500038146972656
2.319275140762329
2.226046085357666
2.3490309715270996
2.2931857109069824
2.1659882068634033
2.073613405227661
2.139432430267334
2.165361166000366
2.1164910793304443
1.9716060161590576
2.221238613128662
2.2121262550354004
2.235565423965454
2.2902040481567383
2.2993521690368652
2.2753095626831055
2.3172850608825684
2.154059886932373
2.3245742321014404
2.4381356239318848
2.081070899963379
2.366588830947876
2.1467483043670654
2.154916763305664
2.4271223545074463
2.171443462371826
2.0206985473632812
2.0355043411254883
2.1081345081329346
1.859159231185913
2.0643413066864014
2.058868169784546
2.2849373817443848
2.2382168769836426
2.252488136291504
2.285032272338867
2.2284746170043945
2.1203694343566895
2.1755011081695557
2.0976979732513428
2.2452988624572754
2.0870611667633057
2.163133382797241
2.2639307975769043
2.108125925064087
2.038933515548706
2.0333895683288574
1.9694427251815796
1.8943830728530884
1.9201372861862183
2.050262928009033
2.0575523376464844
2.1539485454559326
2.1930341720581055
2.1920387744903564
2.1447861194610596
2.102630615234375
2.0462799072265625
1.97346830368042
2.203770875930786
2.2972869873046875
1.9877235889434814
2.158997058868408
2.143670082092285
1.960638403892517
2.132964849472046
1.809460997581482
1.885048270225525
1.865911602973938
1.7383475303649902
2.0804874897003174
2.0253827571868896
2.070462465286255
2.143512010574341
2.1380929946899414
2.1285924911499023
2.1198489665985107
2.1463756561279297
2.182703971862793
2.0022025108337402
2.0266289710998535
2.0853943824768066
2.0389366149902344
2.062737226486206
2.1254868507385254
1.9877679347991943
1.9736700057983398
1.9987897872924805
1.810616135597229
1.7451871633529663
1.9692972898483276
2.0397355556488037
2.1260108947753906
2.113858699798584
1.947077751159668
2.1206424236297607
2.080763816833496
2.1456799507141113
1.9115056991577148
2.0802698135375977
2.0923149585723877
2.0349955558776855
1.917306900024414
2.1024131774902344
2.034406900405884
1.999200701713562
1.7546920776367188
1.9850921630859375
1.8196816444396973
1.7552202939987183
1.9099689722061157
1.9372693300247192
1.9631351232528687
1.9574863910675049
2.1436243057250977
2.0234243869781494
1.963051199913025
1.8983097076416016
1.8550056219100952
2.077552556991577
1.973511815071106
1.9481987953186035
1.8830108642578125
1.9176594018936157
2.005748987197876
1.8728282451629639
1.7823082208633423
1.7618683576583862
1.7711434364318848
1.7043427228927612
2.002971887588501
1.9039205312728882
1.9530601501464844
2.0098366737365723
2.1157727241516113
2.052401542663574
1.876030445098877
1.9757124185562134
1.9794583320617676
2.0114054679870605
2.005653142929077
1.8993885517120361
2.0502164363861084
1.9877175092697144
1.9468514919281006
1.791722059249878
1.642340064048767
1.8669195175170898
1.8260548114776611
1.7876627445220947
1.9051097631454468
1.8437761068344116
1.9827327728271484
1.9877092838287354
1.981648325920105
2.000528573989868
1.8772521018981934
1.9764131307601929
1.957524061203003
1.9123207330703735
2.017371892929077
1.842164158821106
1.8284389972686768
2.0321836471557617
1.9907927513122559
1.861985683441162
1.8861171007156372
1.8546342849731445
1.5869206190109253
1.6316758394241333
1.7872881889343262
1.8921399116516113
1.9315266609191895
1.9629521369934082
1.9751269817352295
2.005108118057251
1.894403100013733
1.9277640581130981
1.846061110496521
1.9251339435577393
1.8932138681411743
1.6988099813461304
1.8459522724151611
1.83209228515625
1.8530856370925903
1.7890721559524536
1.6499426364898682
1.7895017862319946
1.6052935123443604
1.6722159385681152
1.8663395643234253
1.8549014329910278
1.973859429359436
1.9024361371994019
1.9228880405426025
1.9875123500823975
1.831053376197815
1.793933391571045
1.9347091913223267
2.0216028690338135
1.9383727312088013
1.8608746528625488
1.7988702058792114
2.0006442070007324
1.9436700344085693
1.7421361207962036
1.6536308526992798
1.7465265989303589
1.7052730321884155
1.6177911758422852
1.795686960220337
1.776099443435669
1.7577098608016968
1.93656325340271
1.9707385301589966
1.8660765886306763
1.9000004529953003
1.8689444065093994
1.8075649738311768
1.8614776134490967
1.8719587326049805
1.764644742012024
1.7671602964401245
1.8161978721618652
1.735520839691162
1.7768152952194214
1.6713011264801025
1.6774506568908691
1.4830845594406128
1.5961709022521973
1.8127707242965698
1.8545222282409668
1.7994970083236694
1.8825536966323853
1.8404901027679443
1.81976318359375
1.7182036638259888
1.8362964391708374
1.8056000471115112
1.938646674156189
1.7396214008331299
1.8802381753921509
1.8813085556030273
1.8311847448349
2.021954298019409
1.6786210536956787
1.6279622316360474
1.6749019622802734
1.6373025178909302
1.592047095298767
1.726902961730957
1.7149447202682495
1.810258150100708
1.744235634803772
1.9066355228424072
1.8997595310211182
1.7562165260314941
1.732115626335144
1.7865439653396606
1.8962594270706177
1.819019079208374
1.7663732767105103
1.7428137063980103
1.6672676801681519
1.7806997299194336
1.7752338647842407
1.4367703199386597
1.583817720413208
1.3462011814117432
1.7298318147659302
1.7873172760009766
1.852667212486267
1.9618710279464722
1.8217624425888062
1.9632035493850708
1.8118441104888916
1.7481555938720703
1.823453664779663
1.819716215133667
1.8419253826141357
1.8433995246887207
1.7478821277618408
1.859841227531433
1.7760944366455078
1.801201343536377
1.7332127094268799
1.6431037187576294
1.7128171920776367
1.7243456840515137
1.5162169933319092
1.7372578382492065
1.7569494247436523
1.7123115062713623
1.8025180101394653
1.7527174949645996
1.808772325515747
1.7576431035995483
1.7868751287460327
1.7063369750976562
1.7416325807571411
1.6514225006103516
1.7057889699935913
1.7001559734344482
1.7499380111694336
1.743783712387085
1.6682753562927246
1.5853410959243774
1.676287055015564
1.3871139287948608
1.5613397359848022
1.7666486501693726
1.746054768562317
1.807334303855896
1.8818200826644897
1.8496389389038086
1.838080883026123
