34.8466682434082
33.45549011230469
33.667816162109375
29.950353622436523
27.98748779296875
28.066207885742188
29.816221237182617
27.170005798339844
31.622859954833984
31.82889747619629
26.953441619873047
28.15382194519043
25.43059539794922
22.566818237304688
21.82466697692871
18.8629093170166
24.520267486572266
24.26395034790039
22.639877319335938
23.436662673950195
20.755075454711914
18.99327850341797
19.277841567993164
15.342291831970215
20.80643081665039
19.186412811279297
18.006107330322266
16.30984878540039
17.12331199645996
16.94225311279297
16.544797897338867
12.80955696105957
16.058855056762695
15.649402618408203
14.596455574035645
14.729445457458496
13.366724967956543
12.47911548614502
12.635551452636719
10.713787078857422
13.750860214233398
13.585498809814453
13.924342155456543
11.595574378967285
11.131885528564453
12.435935974121094
11.900936126708984
8.719975471496582
12.529643058776855
11.5922212600708
11.37961483001709
10.720501899719238
11.192256927490234
9.056907653808594
10.94064998626709
9.130387306213379
10.239462852478027
10.323700904846191
10.57050609588623
10.382331848144531
10.825361251831055
10.227234840393066
10.182544708251953
8.325830459594727
10.015506744384766
9.507502555847168
10.493964195251465
9.086471557617188
9.226411819458008
7.283325672149658
10.503385543823242
8.133715629577637
9.993980407714844
9.996099472045898
9.664009094238281
9.55655288696289
8.946544647216797
9.209867477416992
10.125316619873047
8.245304107666016
9.541796684265137
9.152446746826172
8.935514450073242
8.854387283325195
8.877891540527344
9.21083927154541
8.018020629882812
8.49189281463623
10.100377082824707
9.348280906677246
10.014435768127441
8.90597915649414
8.104278564453125
7.558418273925781
8.305586814880371
6.20867395401001
8.92951774597168
9.144597053527832
8.745478630065918
8.569768905639648
8.506932258605957
8.067937850952148
8.112398147583008
8.349139213562012
9.24399185180664
9.050312042236328
8.107003211975098
8.714198112487793
8.04061222076416
8.057708740234375
7.987287521362305
7.220932483673096
9.098543167114258
8.749807357788086
8.817329406738281
7.660009860992432
7.808450698852539
7.621402740478516
34.089439392089844
33.42790603637695
30.631196975708008
33.4952392578125
26.84557342529297
28.266216278076172
25.80280113220215
27.793954849243164
30.952064514160156
28.41063690185547
28.055171966552734
26.504758834838867
24.1223087310791
24.2368221282959
22.961894989013672
21.515562057495117
23.158855438232422
22.072996139526367
20.59815788269043
19.331073760986328
19.072227478027344
19.2498722076416
18.729562759399414
16.677907943725586
17.718820571899414
16.966007232666016
16.660541534423828
15.608634948730469
15.644664764404297
14.530076026916504
13.00914478302002
13.517578125
15.409584045410156
14.3170747756958
12.920738220214844
12.96823787689209
13.027081489562988
12.143494606018066
10.162932395935059
10.941365242004395
12.370198249816895
12.657258987426758
11.862281799316406
11.336342811584473
11.545904159545898
11.704401969909668
10.58740520477295
9.841849327087402
11.141427993774414
10.890424728393555
9.70806884765625
9.59044075012207
9.575318336486816
9.692795753479004
9.121980667114258
8.707752227783203
10.597919464111328
10.483136177062988
9.567605018615723
9.251809120178223
9.317094802856445
9.738263130187988
9.432255744934082
8.72078800201416
9.376401901245117
10.339333534240723
9.659941673278809
8.773699760437012
10.038942337036133
8.844744682312012
9.036731719970703
7.4301018714904785
9.600417137145996
8.606042861938477
8.472389221191406
8.606535911560059
9.159008979797363
8.226701736450195
7.082078456878662
7.119047164916992
9.90721607208252
8.941611289978027
9.167863845825195
8.983969688415527
7.4364447593688965
8.047642707824707
8.758009910583496
6.882396697998047
9.503327369689941
8.689799308776855
8.976903915405273
8.660317420959473
8.804472923278809
7.727570533752441
8.167853355407715
7.3707594871521
8.378385543823242
7.776732444763184
8.434219360351562
7.4905924797058105
7.387251853942871
7.0929718017578125
7.265005111694336
6.054662704467773
8.333048820495605
8.18931770324707
8.437768936157227
8.008644104003906
8.885675430297852
6.4999237060546875
7.235666751861572
8.518518447875977
7.66356086730957
8.975770950317383
8.1756591796875
7.122533798217773
7.307835578918457
6.8761091232299805
7.438848495483398
6.299985408782959
7.960525989532471
8.223176002502441
7.176047325134277
6.742717742919922
6.91646146774292
7.376659393310547
7.108665943145752
5.824621677398682
7.35699462890625
7.39729642868042
7.3886637687683105
6.930141925811768
6.418211936950684
6.807668209075928
6.530580043792725
6.445394039154053
7.817760944366455
7.288339614868164
6.939958572387695
6.527073860168457
6.920629501342773
7.272838115692139
5.883554935455322
5.229115962982178
7.012080192565918
7.085170269012451
7.642833709716797
6.844203948974609
5.987089157104492
6.391485691070557
6.355788707733154
5.6609015464782715
6.852354526519775
6.428647518157959
6.2770915031433105
6.250156402587891
6.728082656860352
5.655616760253906
6.489561557769775
5.237809181213379
6.491042137145996
6.558529853820801
6.286873817443848
5.880062580108643
5.7246785163879395
6.105132579803467
5.604284763336182
3.8747472763061523
6.175906181335449
6.326297760009766
5.8746256828308105
5.676018238067627
5.792186260223389
5.313011646270752
4.426817417144775
4.979991436004639
5.813361167907715
5.603653907775879
5.22893762588501
5.7995686531066895
4.967392921447754
4.738276481628418
4.439762592315674
4.543232440948486
5.481107711791992
5.207148551940918
5.14937686920166
4.856613636016846
5.16660737991333
4.8775434494018555
5.3202948570251465
4.414580345153809
5.342122554779053
5.1238789558410645
4.993234634399414
4.568465709686279
4.84269905090332
4.732079982757568
4.312209129333496
3.4305787086486816
4.617589473724365
5.123169898986816
4.886870384216309
4.74833869934082
4.364416599273682
4.529388427734375
4.261533260345459
3.513402223587036
32.5988883972168
34.626949310302734
33.08474349975586
32.35464859008789
29.610595703125
28.44861602783203
30.209461212158203
29.960708618164062
28.169578552246094
26.74156951904297
21.718469619750977
19.517587661743164
27.54718017578125
26.430049896240234
24.59046173095703
24.471599578857422
24.037494659423828
24.5551700592041
23.64787483215332
18.736892700195312
24.585891723632812
22.47308921813965
20.32624626159668
19.65361976623535
19.393766403198242
19.898380279541016
18.065603256225586
16.429716110229492
18.41590118408203
18.623306274414062
17.730506896972656
19.112340927124023
17.00115966796875
16.289684295654297
15.273016929626465
15.004426002502441
16.314260482788086
16.158540725708008
16.05478286743164
14.269062042236328
13.944585800170898
12.934754371643066
13.56942367553711
11.696287155151367
13.904742240905762
13.470250129699707
13.483800888061523
12.079174995422363
11.639781951904297
8.834735870361328
12.691006660461426
9.819405555725098
11.743980407714844
12.024319648742676
11.206645011901855
10.889341354370117
10.540529251098633
10.190701484680176
10.0047025680542
9.833803176879883
11.57693099975586
10.690947532653809
10.311223983764648
10.554276466369629
9.612059593200684
9.489720344543457
9.946857452392578
9.195453643798828
10.796829223632812
9.852263450622559
11.292069435119629
9.687641143798828
10.462038040161133
9.658628463745117
9.176834106445312
8.670995712280273
10.339427947998047
9.798311233520508
9.723474502563477
8.81644058227539
8.673460006713867
8.503143310546875
9.933300018310547
8.235400199890137
10.046256065368652
9.014874458312988
9.7883882522583
8.666367530822754
8.311189651489258
8.55152416229248
7.459409236907959
7.081535816192627
9.826430320739746
9.28024959564209
9.655573844909668
9.030900001525879
9.78277587890625
8.23730182647705
8.518289566040039
6.541245937347412
9.112476348876953
9.913434982299805
8.368743896484375
8.411105155944824
8.435245513916016
7.852498531341553
7.8672661781311035
7.4903154373168945
8.552422523498535
8.813767433166504
9.07962417602539
8.23930835723877
8.339693069458008
7.4482879638671875
6.904070854187012
7.9519195556640625
8.745561599731445
8.84772777557373
8.21695327758789
7.858113765716553
7.411648750305176
7.886148929595947
7.667078495025635
7.058023452758789
7.741829872131348
8.142061233520508
7.678136348724365
7.478924751281738
7.875286102294922
7.790426254272461
8.076125144958496
7.003547191619873
8.336898803710938
7.336605072021484
7.681349754333496
7.74496603012085
6.992958068847656
7.944228172302246
7.115211486816406
7.273836612701416
8.042551040649414
8.622411727905273
8.074177742004395
6.891857147216797
7.89664363861084
7.09059476852417
6.795083999633789
4.857149600982666
7.882251739501953
7.6936421394348145
7.8057708740234375
7.232840061187744
6.703006744384766
7.042766571044922
6.650715351104736
5.838968276977539
7.167124271392822
6.9111328125
6.435407638549805
6.825036525726318
6.944868087768555
6.461333751678467
5.975009918212891
5.708004474639893
6.955076217651367
6.707804203033447
6.4591593742370605
6.116827487945557
5.88483190536499
5.5710625648498535
5.764364242553711
5.526270866394043
6.060019016265869
6.422485828399658
6.157628536224365
5.6923136711120605
5.812478542327881
6.090534210205078
5.150212287902832
5.375976085662842
6.481139183044434
6.098214149475098
5.654919147491455
5.777176856994629
5.962118625640869
5.615208148956299
5.462841987609863
5.083224773406982
5.466336250305176
5.056689739227295
6.233686447143555
5.498134136199951
5.313064098358154
4.636071681976318
5.007730960845947
4.8167724609375
5.71582555770874
5.406907081604004
5.30133056640625
5.155241966247559
4.941431045532227
5.149520397186279
5.357151985168457
3.940441846847534
5.218243598937988
5.369578838348389
4.96950626373291
5.545025825500488
4.222506999969482
4.671095371246338
4.7774858474731445
4.226847171783447
38.14663314819336
37.814945220947266
36.9896240234375
34.50849914550781
32.62077331542969
31.049339294433594
33.597312927246094
26.185623168945312
34.47029113769531
31.612525939941406
29.428333282470703
29.518606185913086
27.689809799194336
28.326345443725586
25.874561309814453
21.707813262939453
25.654382705688477
25.79628562927246
22.997257232666016
20.476306915283203
20.27618408203125
21.03179359436035
18.25908088684082
15.876949310302734
19.873676300048828
20.45158576965332
18.709537506103516
18.78339385986328
16.506969451904297
17.464916229248047
15.983813285827637
13.953511238098145
34.41580581665039
34.66996765136719
35.71710205078125
32.492767333984375
30.098791122436523
34.63241195678711
29.19902992248535
30.970102310180664
30.04912567138672
31.107505798339844
31.116708755493164
30.355484008789062
29.20901107788086
28.67111587524414
27.0540771484375
23.553077697753906
28.346269607543945
26.623891830444336
26.176071166992188
35.42013931274414
35.52176284790039
34.51203536987305
29.480457305908203
31.66829490661621
29.87595558166504
30.45980453491211
27.466556549072266
31.035680770874023
30.34547996520996
29.1563777923584
26.485010147094727
25.090435028076172
24.117582321166992
19.78101348876953
20.600034713745117
24.268089294433594
23.162076950073242
23.360361099243164
18.918079376220703
20.4773006439209
18.942501068115234
18.817474365234375
16.375165939331055
19.458984375
18.407901763916016
17.458477020263672
18.1102294921875
17.062904357910156
15.31694221496582
14.925180435180664
12.36512565612793
16.60209083557129
15.939475059509277
15.101173400878906
14.633234024047852
15.601605415344238
13.515384674072266
13.63184928894043
12.25969123840332
14.243294715881348
13.528368949890137
12.734479904174805
13.066971778869629
11.919403076171875
10.975830078125
10.587480545043945
8.903678894042969
12.133118629455566
11.891963005065918
10.90381908416748
10.449941635131836
8.899888038635254
10.476849555969238
10.794208526611328
8.950804710388184
11.34959888458252
10.71308422088623
11.332386016845703
10.478875160217285
10.01189136505127
9.196915626525879
10.318336486816406
8.98138427734375
10.239165306091309
10.198470115661621
9.114721298217773
9.25745677947998
8.40557861328125
8.453283309936523
8.292478561401367
8.196043014526367
10.063253402709961
9.24298095703125
9.240667343139648
9.37124252319336
7.637552738189697
9.6158447265625
8.855475425720215
8.885824203491211
10.100034713745117
10.392295837402344
9.360687255859375
8.99205207824707
8.684508323669434
8.43565559387207
9.63005256652832
8.219094276428223
9.559832572937012
9.164346694946289
8.974188804626465
8.791060447692871
8.79257869720459
8.061473846435547
8.160767555236816
8.040901184082031
9.437538146972656
8.726354598999023
8.907176971435547
8.6974458694458
8.539704322814941
8.737308502197266
8.605545997619629
7.125785827636719
8.283278465270996
8.600775718688965
9.283650398254395
8.745147705078125
9.393601417541504
8.543986320495605
7.680288791656494
7.707498550415039
8.484929084777832
8.486226081848145
9.001848220825195
7.858356952667236
7.953527927398682
6.52789831161499
7.523712635040283
6.978281497955322
7.840816497802734
7.866209983825684
7.689188480377197
7.948059558868408
7.440440654754639
7.0708818435668945
7.541539669036865
6.351492881774902
8.399347305297852
8.43647575378418
7.212072849273682
7.96707010269165
7.18220329284668
7.841419219970703
5.981838703155518
6.931331634521484
7.35405969619751
7.447447776794434
7.975867748260498
7.193305015563965
6.043581008911133
6.8502912521362305
7.880758762359619
5.936051845550537
7.888860702514648
7.43624210357666
7.678155899047852
6.804813861846924
6.640547752380371
7.109622478485107
6.264331817626953
5.751847743988037
7.357910633087158
7.0836358070373535
6.639066219329834
6.121542453765869
6.6057915687561035
6.769570350646973
5.511234283447266
5.857053279876709
6.532798767089844
6.702956199645996
6.591976165771484
6.292342662811279
6.412262439727783
6.3816704750061035
5.397891998291016
5.891857147216797
6.361167907714844
6.752086639404297
6.843828201293945
6.43731689453125
5.421278476715088
5.671830177307129
5.772107124328613
5.0581793785095215
6.795651912689209
5.961780071258545
5.644565582275391
5.307581424713135
5.174091815948486
5.323068618774414
5.270831108093262
5.467356204986572
6.10813045501709
5.889475345611572
6.0156636238098145
4.900662899017334
5.548969745635986
5.379996299743652
5.091609954833984
4.405888080596924
5.555286884307861
5.609280586242676
5.25806999206543
5.438930034637451
4.740988731384277
5.105384826660156
4.648346900939941
4.484091758728027
5.180813789367676
5.006021022796631
5.063613414764404
5.187549591064453
4.481495380401611
4.316471099853516
4.335116386413574
4.157508850097656
9.069040298461914
8.546072006225586
7.910881996154785
8.376444816589355
7.6619791984558105
8.282936096191406
7.723546504974365
7.102267265319824
9.245383262634277
8.734432220458984
8.65713119506836
8.970025062561035
31.024229049682617
31.84090805053711
29.8924617767334
29.55744743347168
30.05510902404785
27.172788619995117
25.463226318359375
25.684513092041016
30.397184371948242
29.35572052001953
25.73556900024414
25.091815948486328
21.100221633911133
23.592937469482422
24.419492721557617
20.4387264251709
24.782337188720703
24.735864639282227
21.735431671142578
21.048828125
20.945524215698242
20.490886688232422
20.53624725341797
16.431413650512695
20.460853576660156
18.739709854125977
18.1433162689209
17.577213287353516
15.258768081665039
13.123135566711426
14.04434585571289
15.465261459350586
17.406673431396484
16.29300308227539
15.702775001525879
14.793559074401855
15.239266395568848
13.713940620422363
13.152713775634766
12.452569961547852
14.053696632385254
14.339136123657227
13.315400123596191
13.158478736877441
12.603397369384766
11.759073257446289
12.494485855102539
9.882194519042969
12.988443374633789
11.640531539916992
11.15845012664795
10.913115501403809
10.868687629699707
10.432934761047363
12.46998405456543
9.496726989746094
11.659071922302246
10.926865577697754
10.478551864624023
11.491440773010254
9.961237907409668
11.08714485168457
8.934569358825684
10.060359954833984
10.53778076171875
10.932382583618164
10.668924331665039
10.017072677612305
9.621308326721191
9.954024314880371
9.99749755859375
9.579496383666992
9.798927307128906
10.666692733764648
10.097689628601074
10.691136360168457
9.951992988586426
8.729127883911133
9.706132888793945
9.239068031311035
10.179275512695312
9.649331092834473
9.432117462158203
8.835417747497559
9.178261756896973
10.146233558654785
9.876139640808105
9.44383430480957
9.648150444030762
9.93445110321045
10.015578269958496
9.378673553466797
9.263813018798828
8.748153686523438
9.620367050170898
7.953262805938721
9.626094818115234
9.731188774108887
9.303478240966797
9.437006950378418
8.63172721862793
9.04528522491455
8.909435272216797
8.822172164916992
9.274206161499023
9.523643493652344
8.474333763122559
9.632365226745605
8.824943542480469
9.503714561462402
7.050966262817383
6.746121406555176
9.049097061157227
9.2130708694458
8.961821556091309
8.635125160217285
8.197455406188965
7.737730026245117
7.268613338470459
7.764042377471924
8.134537696838379
8.631514549255371
7.707574844360352
8.84211540222168
6.944188594818115
8.189139366149902
8.33941650390625
6.845635890960693
8.826346397399902
9.032182693481445
7.450296401977539
8.232563972473145
7.321022033691406
7.756533145904541
7.481060981750488
6.518764019012451
8.38099479675293
7.7212653160095215
7.313844680786133
7.319101333618164
7.5416717529296875
7.507663726806641
6.969483852386475
5.756608963012695
8.00820541381836
7.4568305015563965
7.426811218261719
7.767639636993408
7.622934341430664
7.611690998077393
7.185689926147461
6.0607829093933105
7.3362650871276855
7.284762859344482
6.563701152801514
7.573187351226807
6.756056785583496
6.700292587280273
6.703671455383301
6.22503662109375
7.254276275634766
7.3672871589660645
7.092977046966553
6.655158996582031
6.34846830368042
5.466680526733398
6.970954895019531
5.758885383605957
7.134443283081055
6.812574863433838
6.595853328704834
6.077309608459473
6.124453544616699
6.446475982666016
5.84991979598999
4.992362022399902
6.394801616668701
6.535376071929932
6.369697570800781
6.257977485656738
6.409181118011475
5.623769283294678
4.789329528808594
3.9996721744537354
6.134234428405762
6.50290584564209
6.077902793884277
5.928609848022461
5.571774482727051
5.392306804656982
5.326931476593018
5.102750778198242
5.535830974578857
6.206856727600098
6.048980236053467
5.250810623168945
5.711531639099121
5.009948253631592
5.064545154571533
4.658568859100342
5.623073577880859
5.633678913116455
5.711426258087158
4.825046539306641
5.034724235534668
5.2781500816345215
4.791520595550537
3.898564338684082
5.05703592300415
4.814743518829346
4.611084938049316
4.750807285308838
4.751975059509277
4.3070878982543945
4.401808738708496
4.663662910461426
5.188357830047607
4.947537422180176
5.163400173187256
4.122915744781494
4.155974388122559
4.1096391677856445
3.9448189735412598
3.4974944591522217
4.729128837585449
4.364655017852783
4.222569465637207
4.14892578125
4.193757057189941
4.1770782470703125
4.12666130065918
3.834541082382202
4.33266019821167
4.233536243438721
3.9779577255249023
3.6467201709747314
3.7607011795043945
3.7152857780456543
3.9378879070281982
3.3234243392944336
3.787341833114624
3.679004430770874
3.6101009845733643
3.4594502449035645
3.6147353649139404
3.5357863903045654
3.3669421672821045
2.993931531906128
3.7557461261749268
3.2198352813720703
3.8364174365997314
3.4742650985717773
3.2991156578063965
2.862586259841919
3.0963385105133057
2.6036906242370605
3.3459200859069824
3.4304776191711426
3.2547447681427
3.2319064140319824
2.861384868621826
2.4369544982910156
3.072037696838379
2.8801674842834473
3.337531805038452
3.0042169094085693
3.053417921066284
2.7931580543518066
2.834343194961548
2.782095432281494
2.6669914722442627
2.4368927478790283
3.1341419219970703
2.8644423484802246
2.9222373962402344
2.6953492164611816
2.598712682723999
2.5591232776641846
2.287071466445923
2.714069366455078
2.58866810798645
2.892463207244873
2.6226744651794434
2.353666305541992
2.6104369163513184
2.505906820297241
1.9158084392547607
2.283827304840088
2.561953067779541
2.4463605880737305
2.7013237476348877
2.5917015075683594
2.5151493549346924
2.4683713912963867
2.049663782119751
1.975632905960083
2.6671640872955322
2.447227954864502
2.3153953552246094
2.1038706302642822
1.9261068105697632
2.0636649131774902
2.0747249126434326
1.9169228076934814
2.462350606918335
2.503803014755249
2.437227487564087
1.934902310371399
2.3416247367858887
2.2428536415100098
2.0547871589660645
1.6397552490234375
2.1851108074188232
2.219123601913452
2.1504738330841064
2.085648536682129
1.899709701538086
1.9192076921463013
1.9719667434692383
1.9142802953720093
2.1551787853240967
1.9774341583251953
2.1632988452911377
2.121248722076416
1.9168344736099243
2.0995099544525146
2.195896625518799
1.6446096897125244
2.176152229309082
1.9732484817504883
2.041729688644409
1.9673488140106201
1.9022822380065918
1.9251668453216553
2.007025718688965
1.5381877422332764
2.0339221954345703
2.0839877128601074
1.8843331336975098
1.7948455810546875
1.8311033248901367
1.965652346611023
1.5984489917755127
1.7816624641418457
2.1553597450256348
1.8975449800491333
1.8436707258224487
1.9132522344589233
1.9701844453811646
1.755290150642395
1.5576690435409546
1.4821550846099854
2.0131170749664307
2.0117907524108887
1.9581916332244873
1.7820733785629272
1.8826955556869507
1.6515790224075317
1.7831780910491943
1.5521948337554932
1.9671030044555664
1.859237790107727
1.8163268566131592
1.738364338874817
1.8557192087173462
1.8511041402816772
1.6083980798721313
1.409476399421692
1.8287700414657593
1.8178918361663818
1.7106108665466309
2.0196373462677
1.750404953956604
1.3526883125305176
1.5815333127975464
1.383313775062561
1.8679759502410889
1.7323614358901978
1.7376008033752441
1.457350254058838
1.743370532989502
1.8347868919372559
1.333251714706421
1.657949686050415
1.7272822856903076
1.8256503343582153
1.6773779392242432
1.8538577556610107
1.5574418306350708
1.7449487447738647
1.267252802848816
1.3629834651947021
1.8281798362731934
1.77919340133667
1.6978329420089722
1.6481765508651733
1.6837348937988281
1.6023974418640137
1.4762790203094482
1.6013550758361816
1.8570330142974854
1.6653451919555664
1.6795969009399414
1.654881477355957
1.5242773294448853
1.555960774421692
1.7034560441970825
1.2293332815170288
1.5831513404846191
1.5216615200042725
1.7396183013916016
1.557366967201233
1.5916684865951538
1.6397687196731567
1.4294909238815308
1.3120484352111816
1.6716892719268799
1.637476921081543
1.6423254013061523
1.5651676654815674
1.5951913595199585
1.5053614377975464
1.5230320692062378
1.3620645999908447
1.7032657861709595
1.5941725969314575
1.6750916242599487
1.4660381078720093
1.5814744234085083
1.2795166969299316
1.3751325607299805
1.486522912979126
1.7806979417800903
1.517181634902954
1.4768710136413574
1.543550968170166
1.561492681503296
1.4511228799819946
1.386860966682434
1.3835763931274414
1.555673360824585
1.6535109281539917
1.4590766429901123
1.561472773551941
1.4566476345062256
1.3899742364883423
1.406225323677063
1.246277928352356
1.5373499393463135
1.5218536853790283
1.4831956624984741
1.5056501626968384
1.6093847751617432
1.3451331853866577
1.397118330001831
1.4955049753189087
1.502003788948059
1.5468238592147827
1.5259898900985718
1.6742898225784302
1.3422948122024536
1.3283802270889282
1.3161553144454956
1.3544869422912598
1.4809558391571045
1.479818344116211
1.3923660516738892
1.417831301689148
1.735823154449463
1.4032511711120605
1.4045180082321167
1.3458846807479858
1.5429295301437378
1.5106762647628784
1.3739856481552124
1.389314889907837
1.5916574001312256
1.2586030960083008
1.3833662271499634
1.0534478425979614
1.7913479804992676
1.5430842638015747
1.3617630004882812
1.5545811653137207
1.5185757875442505
1.3165597915649414
1.3894166946411133
1.1959654092788696
1.5501786470413208
1.4526580572128296
1.4391990900039673
1.6645910739898682
1.3489441871643066
1.0818005800247192
1.4969749450683594
0.9585257172584534
1.5359179973602295
1.3271369934082031
1.6024636030197144
1.5555150508880615
1.5633951425552368
1.2215521335601807
1.497215986251831
1.5611227750778198
1.5746560096740723
1.516148567199707
1.5743467807769775
1.5536682605743408
1.5061700344085693
1.34670889377594
1.485877275466919
1.2030850648880005
1.51561439037323
1.4655320644378662
1.6616333723068237
1.3972086906433105
1.5412391424179077
1.4978922605514526
1.3504769802093506
1.2502861022949219
1.4436761140823364
1.4170852899551392
1.4079097509384155
1.2918697595596313
1.3675720691680908
1.3077892065048218
1.186697244644165
1.2336410284042358
1.4546269178390503
1.3729650974273682
1.3517115116119385
1.269513726234436
1.2786985635757446
1.1938713788986206
1.4439191818237305
1.3412874937057495
1.5015379190444946
1.4315112829208374
1.3787659406661987
1.4245598316192627
1.7169584035873413
1.299174427986145
1.248339295387268
1.092342734336853
1.4440159797668457
1.4791566133499146
1.2923451662063599
1.387127161026001
1.314361810684204
1.3024752140045166
1.382672667503357
1.2948057651519775
1.4431774616241455
1.4420177936553955
1.3887745141983032
1.544525384902954
1.464578628540039
1.1006019115447998
1.1836349964141846
1.1198681592941284
1.4796786308288574
1.5696238279342651
1.3973169326782227
1.3186125755310059
1.3264628648757935
1.2041033506393433
1.0442532300949097
1.187543272972107
1.7012250423431396
1.313609004020691
1.4128576517105103
1.3113332986831665
1.5542418956756592
1.4168074131011963
1.2998862266540527
1.20753014087677
1.3416695594787598
1.3780986070632935
1.5061664581298828
1.4244948625564575
1.1895780563354492
1.3118195533752441
1.551868200302124
1.3882380723953247
1.51728355884552
1.4050041437149048
1.4237128496170044
1.293439507484436
1.5230741500854492
1.5215301513671875
1.1136856079101562
1.3495608568191528
1.3826754093170166
1.5191723108291626
1.366892695426941
1.4998689889907837
1.5028413534164429
1.3476577997207642
1.2633508443832397
1.1439684629440308
1.296447515487671
1.3959681987762451
1.275853157043457
1.22504460811615
1.3053081035614014
1.3648685216903687
1.2583609819412231
1.0666636228561401
1.43734872341156
1.313724160194397
1.255610466003418
1.160132646560669
1.684629201889038
1.5272846221923828
1.3453917503356934
1.2093969583511353
1.4201020002365112
1.613169550895691
1.3328943252563477
1.2966279983520508
1.234372615814209
1.2913672924041748
1.4072625637054443
1.0072449445724487
1.4662714004516602
1.4618194103240967
1.1592082977294922
1.2752695083618164
1.171120285987854
1.0793296098709106
1.0821009874343872
1.2870724201202393
1.3891487121582031
1.271205186843872
1.3292731046676636
1.2522417306900024
1.6723204851150513
1.4389737844467163
1.3410274982452393
1.2789552211761475
1.3385416269302368
1.4021809101104736
1.2396519184112549
1.559773564338684
1.2269158363342285
1.2686141729354858
1.073054313659668
0.9839826226234436
1.605603814125061
1.3217238187789917
1.308838129043579
1.3695731163024902
1.402007818222046
1.367096185684204
1.2196909189224243
1.1400099992752075
1.4120725393295288
1.3047573566436768
1.3411543369293213
1.1930676698684692
1.3108456134796143
1.237973690032959
1.0904992818832397
1.1560417413711548
1.298445224761963
1.3738619089126587
1.205610990524292
1.1352708339691162
1.2469265460968018
1.157477617263794
1.1741220951080322
0.9494653344154358
1.5074174404144287
1.3516803979873657
1.2213362455368042
1.256484866142273
1.5383418798446655
1.21729576587677
1.1750807762145996
1.1342864036560059
1.3246288299560547
1.192539095878601
1.2598382234573364
1.228065013885498
1.2855051755905151
1.074039340019226
1.2279117107391357
1.124128818511963
1.3944950103759766
1.3759974241256714
1.2872430086135864
1.2918498516082764
1.2356590032577515
1.170907974243164
1.2910665273666382
1.1609357595443726
1.3302757740020752
1.4034100770950317
1.2462598085403442
1.2451434135437012
1.262330174446106
1.3687288761138916
1.183955192565918
1.2296690940856934
1.3121258020401
1.2920194864273071
1.242639422416687
1.086948037147522
0.9409645795822144
1.198625087738037
1.3287122249603271
0.9661930799484253
1.2831292152404785
1.2816041707992554
1.2682974338531494
1.2378548383712769
1.2312114238739014
1.1921039819717407
1.1634389162063599
1.153220772743225
1.3208965063095093
1.359667420387268
1.1616559028625488
1.0912058353424072
1.312512993812561
1.035440444946289
1.2100498676300049
1.2598240375518799
1.3484255075454712
1.291020154953003
1.105124592781067
1.1974824666976929
1.3111492395401
0.9434672594070435
1.099239468574524
0.9450404047966003
1.4295806884765625
1.2221217155456543
1.234858751296997
1.274933099746704
1.2190399169921875
1.2381789684295654
1.1249343156814575
1.0385624170303345
1.2900108098983765
1.2527469396591187
1.2374111413955688
1.2457231283187866
1.161765456199646
1.1279014348983765
1.274763822555542
1.2847498655319214
1.4741733074188232
1.2742408514022827
1.1863332986831665
1.1668592691421509
1.260204792022705
1.1300886869430542
1.0727311372756958
1.1137038469314575
1.2891080379486084
1.2360032796859741
1.3067920207977295
1.0906833410263062
1.1297807693481445
1.090279459953308
1.0779385566711426
1.139332890510559
1.3369615077972412
1.320866346359253
1.1750178337097168
1.2293630838394165
1.1465649604797363
1.1024881601333618
1.1201227903366089
1.020839810371399
1.3146023750305176
1.4001717567443848
1.2531373500823975
1.2066991329193115
1.3597389459609985
1.1752146482467651
0.9906125068664551
0.9522002935409546
1.278794527053833
1.2790277004241943
1.1716680526733398
1.1221657991409302
1.3535704612731934
1.1628082990646362
1.090625286102295
1.0738041400909424
1.3048760890960693
1.162454605102539
1.1923701763153076
1.304243564605713
1.1792305707931519
1.260084867477417
1.1607072353363037
0.9746843576431274
1.2097907066345215
1.2584259510040283
1.1709188222885132
1.2278627157211304
1.1130069494247437
1.359144926071167
1.2244527339935303
0.8827723264694214
1.2646733522415161
1.2943687438964844
1.322418212890625
1.2137749195098877
1.3055851459503174
1.2419637441635132
1.0608872175216675
0.957552433013916
1.2123863697052002
1.1392593383789062
1.4881387948989868
1.698684573173523
1.1899681091308594
1.3086961507797241
1.30974280834198
1.3366278409957886
1.2563997507095337
1.1871414184570312
1.3009077310562134
1.3165112733840942
1.183484435081482
0.98427814245224
1.2063944339752197
1.12897789478302
1.23807954788208
1.3207669258117676
1.2160338163375854
1.3414759635925293
1.2869125604629517
1.140870213508606
1.222245693206787
0.9587119817733765
1.2451869249343872
1.2912874221801758
1.0752531290054321
1.1527382135391235
1.0457990169525146
0.9348284602165222
1.2077940702438354
1.1380404233932495
1.2989938259124756
1.2683552503585815
1.112152099609375
1.178841233253479
1.082438588142395
1.2107361555099487
0.9317655563354492
0.9045315384864807
1.4215810298919678
1.2677290439605713
1.2127405405044556
1.3118937015533447
1.377880573272705
0.7756373882293701
1.2068158388137817
1.1904246807098389
1.2983506917953491
1.1580456495285034
1.201492190361023
1.1942921876907349
1.0542469024658203
1.0356276035308838
1.1151103973388672
0.8489187955856323
1.2076996564865112
1.227164626121521
1.1630386114120483
1.1163358688354492
1.4059410095214844
1.0857765674591064
1.0964120626449585
0.9128379225730896
1.2775154113769531
1.2075258493423462
1.1582481861114502
1.2683095932006836
1.1849695444107056
1.4524654150009155
1.224562406539917
0.9418962597846985
1.342684030532837
1.3210642337799072
1.3185794353485107
1.116098403930664
1.3871041536331177
1.2147915363311768
1.160150170326233
0.9116644263267517
1.1663089990615845
1.390364170074463
1.0915721654891968
1.421268105506897
1.1364598274230957
1.1110351085662842
1.0915892124176025
0.8564175367355347
1.228259801864624
1.145776629447937
1.1279293298721313
1.2652689218521118
1.1779359579086304
0.9497470855712891
1.2006410360336304
1.1909847259521484
1.236777901649475
1.1908934116363525
1.2645584344863892
1.2201244831085205
1.3092247247695923
1.1966116428375244
1.3180527687072754
0.8290789127349854
1.3261662721633911
1.131054162979126
1.1809195280075073
1.207349181175232
1.236615538597107
1.1389868259429932
1.2988731861114502
0.8846724033355713
1.283158779144287
1.1641658544540405
1.093295931816101
1.1961292028427124
1.0802793502807617
1.045483112335205
1.0905444622039795
0.9342848062515259
1.2118486166000366
1.1320399045944214
1.2060295343399048
1.209365725517273
1.1343140602111816
1.154657244682312
1.027683973312378
0.9394457340240479
1.2071465253829956
1.064683437347412
1.1380889415740967
1.1582173109054565
1.2059755325317383
0.9918578267097473
1.009982943534851
0.9479297995567322
1.2067795991897583
1.1461029052734375
1.170593500137329
1.1192959547042847
1.066158652305603
1.059309482574463
0.9342975616455078
0.9691259264945984
1.2042155265808105
1.279345154762268
1.0939885377883911
1.1974512338638306
1.073612928390503
1.0502114295959473
1.0272523164749146
1.0614349842071533
1.3038933277130127
1.2977310419082642
1.119843602180481
1.116232991218567
1.1200201511383057
1.0108847618103027
1.151200532913208
1.0150578022003174
1.4573465585708618
1.3243331909179688
1.0727094411849976
1.19109308719635
1.2665742635726929
1.1714086532592773
1.0163476467132568
0.947801411151886
1.1520835161209106
1.3411016464233398
1.1073755025863647
1.1623135805130005
0.9784660935401917
1.1217246055603027
1.1740213632583618
1.2476704120635986
1.234270453453064
1.1735811233520508
1.1305835247039795
1.2173854112625122
1.1146833896636963
1.1662756204605103
1.0837085247039795
1.026603102684021
1.1781704425811768
1.2038531303405762
1.1193873882293701
1.0331296920776367
1.0816097259521484
1.140914797782898
1.2091699838638306
1.1105468273162842
1.2976760864257812
1.1144336462020874
1.0859001874923706
1.297067403793335
1.0851110219955444
0.9822664260864258
1.1388472318649292
0.9031351208686829
1.2550113201141357
1.1296511888504028
1.160567045211792
1.1327587366104126
1.5643858909606934
0.9548048377037048
1.0101921558380127
0.9701048135757446
1.1707834005355835
1.2114259004592896
1.0498011112213135
1.1164475679397583
1.4109604358673096
1.2359488010406494
1.0269407033920288
0.9280920624732971
1.2525546550750732
1.1313976049423218
1.1741915941238403
1.1886879205703735
1.284430980682373
1.1249842643737793
1.3064461946487427
0.8827359080314636
33.91273498535156
31.880592346191406
30.19017219543457
33.846614837646484
31.54226303100586
28.92876625061035
30.25621795654297
27.681072235107422
30.954105377197266
27.88309669494629
27.029415130615234
27.59049415588379
25.562244415283203
21.09058380126953
23.90433692932129
21.244346618652344
25.396512985229492
24.288244247436523
21.125049591064453
21.14476776123047
17.952579498291016
18.66382598876953
16.707229614257812
16.37228775024414
19.869388580322266
19.643489837646484
18.439777374267578
18.02225112915039
19.249361038208008
15.588831901550293
16.224199295043945
14.496127128601074
16.70981216430664
16.579360961914062
14.545575141906738
13.524876594543457
13.558745384216309
13.403748512268066
12.80447006225586
11.669766426086426
13.160770416259766
13.758464813232422
13.133726119995117
12.013398170471191
10.63536262512207
12.019902229309082
10.232146263122559
10.121872901916504
34.92610168457031
33.757904052734375
34.926151275634766
30.05768394470215
31.977235794067383
30.31863021850586
29.26422119140625
22.678577423095703
32.052188873291016
27.815906524658203
27.578651428222656
24.662899017333984
27.75142478942871
27.60318946838379
27.472583770751953
21.223928451538086
24.44084930419922
24.283321380615234
22.794313430786133
24.62308120727539
20.845458984375
20.25249671936035
18.775150299072266
18.182004928588867
19.29073143005371
19.537784576416016
17.96025848388672
16.835954666137695
16.345876693725586
16.95301055908203
16.803102493286133
16.065183639526367
17.52637481689453
16.21364974975586
15.208041191101074
13.360246658325195
13.615874290466309
13.084803581237793
11.861457824707031
12.069294929504395
13.815569877624512
13.29684829711914
13.101228713989258
11.930485725402832
11.70628547668457
11.758593559265137
10.183863639831543
11.532638549804688
11.643241882324219
11.602945327758789
10.795367240905762
11.06345272064209
10.66023063659668
10.491291046142578
11.159090042114258
8.319967269897461
10.878530502319336
10.70392894744873
11.118536949157715
10.808637619018555
11.052582740783691
9.975897789001465
7.896479606628418
8.289368629455566
10.110897064208984
10.090867042541504
10.340471267700195
9.811920166015625
10.286931037902832
8.799867630004883
9.783653259277344
7.88056755065918
10.401102066040039
10.090044021606445
10.17647647857666
9.075346946716309
10.281082153320312
8.612471580505371
9.427380561828613
9.246895790100098
9.924457550048828
9.843304634094238
10.227378845214844
9.695740699768066
9.425543785095215
8.183675765991211
8.951299667358398
6.718123435974121
9.697930335998535
9.563756942749023
10.530864715576172
8.221339225769043
9.302300453186035
8.829866409301758
7.215778827667236
7.041549205780029
9.604206085205078
9.242676734924316
9.988000869750977
8.427839279174805
8.364564895629883
8.259832382202148
7.370050430297852
7.843095779418945
8.773334503173828
9.085576057434082
8.572311401367188
8.451581001281738
8.27053451538086
7.648531436920166
8.168164253234863
7.650164604187012
8.572275161743164
8.44080924987793
7.555045127868652
8.038467407226562
8.33634090423584
6.54221773147583
6.836904048919678
7.46015739440918
8.081259727478027
8.69311237335205
7.585756301879883
8.117433547973633
8.00456714630127
7.589179992675781
7.143092155456543
5.899940013885498
8.564208030700684
8.812439918518066
7.8839826583862305
6.872337818145752
7.810100555419922
7.818487167358398
7.567046642303467
7.152460098266602
7.529956340789795
7.526916027069092
7.128293991088867
7.8314337730407715
6.84222936630249
7.731005668640137
7.333244323730469
5.996190547943115
7.7702717781066895
7.708707332611084
7.46396017074585
7.7648749351501465
6.801078796386719
6.981274604797363
7.0338215827941895
6.3942694664001465
7.528956890106201
7.194018363952637
7.127374649047852
6.682184219360352
6.4802961349487305
6.358539581298828
6.214366436004639
5.235126495361328
6.847751617431641
6.984673023223877
6.754697799682617
6.476184368133545
6.9318528175354
6.462715148925781
5.964116096496582
5.587699890136719
6.544338703155518
6.865956783294678
6.8671956062316895
6.090001583099365
5.927935600280762
5.94125509262085
5.848580360412598
5.511159420013428
6.253091812133789
6.564000129699707
6.130919933319092
5.563055992126465
5.630293846130371
5.864766597747803
5.583096981048584
5.12364387512207
5.7129225730896
6.213778495788574
5.74599552154541
5.9677839279174805
4.668478012084961
5.486828804016113
5.12019157409668
4.897585868835449
5.914106369018555
5.461596965789795
5.420320510864258
5.445587158203125
4.855486869812012
4.6884260177612305
4.678483009338379
4.150190353393555
5.280791282653809
5.034714221954346
5.159451007843018
5.0412678718566895
4.362757205963135
4.469316482543945
4.4022746086120605
3.8896350860595703
4.878297805786133
5.030384540557861
4.886157989501953
4.3791375160217285
4.466068744659424
3.705029010772705
3.9809792041778564
4.076980113983154
4.7447357177734375
4.3891496658325195
4.753705978393555
4.4411797523498535
4.121521472930908
3.970104932785034
3.8149328231811523
3.592087984085083
4.540452003479004
4.1754913330078125
3.6902973651885986
4.11341667175293
3.9365015029907227
3.831958770751953
3.4079630374908447
3.4089200496673584
3.8387820720672607
4.079013824462891
4.032403469085693
3.7099692821502686
3.6375088691711426
3.8165693283081055
3.593947649002075
3.6724791526794434
3.6831552982330322
3.6832363605499268
3.4393231868743896
3.7751035690307617
3.2681126594543457
3.365349769592285
3.4870173931121826
3.531914234161377
3.682856321334839
3.683941602706909
3.7834110260009766
3.641629457473755
2.975428342819214
2.9215710163116455
2.941541910171509
2.4537594318389893
3.187044382095337
3.592773914337158
3.0027873516082764
3.2411551475524902
2.861471652984619
3.0578396320343018
3.1605420112609863
2.677452564239502
3.265587329864502
3.3131494522094727
3.024637222290039
2.8149161338806152
2.9707202911376953
2.463080644607544
2.5091331005096436
2.2999446392059326
2.7728352546691895
2.6957082748413086
2.746143102645874
2.6540982723236084
2.947540521621704
2.402496099472046
2.531278133392334
1.9645427465438843
2.604767084121704
2.7768163681030273
2.4581754207611084
2.5534706115722656
2.505817174911499
2.372612476348877
2.4383699893951416
2.5190269947052
2.8688268661499023
2.5426816940307617
2.440673828125
2.5349678993225098
2.1755495071411133
2.212470054626465
2.0377073287963867
1.8159197568893433
2.5399065017700195
2.437952756881714
2.3343446254730225
2.2850351333618164
2.169618606567383
2.3310508728027344
2.298461675643921
1.5872039794921875
2.1967265605926514
2.270130157470703
2.1481072902679443
2.2845494747161865
1.908058524131775
2.149085760116577
1.8551480770111084
1.7189521789550781
2.3697566986083984
2.1609809398651123
2.266799211502075
2.2139575481414795
2.468290328979492
1.8946524858474731
2.006864547729492
1.8061203956604004
2.261350393295288
2.216928005218506
2.1886818408966064
1.9893112182617188
2.2394447326660156
1.89491605758667
1.887983798980713
1.443548321723938
2.1304986476898193
2.152911424636841
1.9428383111953735
1.902091383934021
1.8332597017288208
1.8938908576965332
2.1367015838623047
1.8041001558303833
2.0670177936553955
1.86664617061615
1.942093014717102
1.962377667427063
1.9586938619613647
1.939091444015503
1.876489520072937
1.4476869106292725
2.059237480163574
2.018831491470337
1.903588891029358
1.9563813209533691
1.8952763080596924
1.9776031970977783
2.089860200881958
1.5097837448120117
1.8990566730499268
1.8599354028701782
1.637503743171692
1.7391806840896606
1.9575575590133667
1.55905282497406
1.9667422771453857
1.6255059242248535
2.1182267665863037
1.9411317110061646
1.9652010202407837
1.891281247138977
1.8028719425201416
1.5483461618423462
1.715396761894226
1.8757363557815552
1.9877574443817139
1.8141261339187622
1.8750561475753784
1.6133581399917603
1.7886085510253906
1.7390961647033691
1.9100714921951294
1.459009051322937
1.8617218732833862
1.7269526720046997
1.7048951387405396
1.647713541984558
1.8540323972702026
1.6712967157363892
1.5191779136657715
1.445366621017456
1.8757193088531494
1.7192217111587524
1.802247405052185
1.7723603248596191
1.587518334388733
1.632907748222351
1.5868436098098755
1.433975100517273
1.6922231912612915
1.8539408445358276
1.6536568403244019
1.868216633796692
1.692887306213379
1.7812272310256958
1.5767725706100464
1.5302622318267822
1.6789196729660034
1.7046658992767334
1.5863834619522095
1.693960428237915
1.3378063440322876
1.2493914365768433
1.4290730953216553
1.4518963098526
1.6713645458221436
1.7443804740905762
1.6639496088027954
1.4781497716903687
1.8035794496536255
1.4539600610733032
1.4408111572265625
1.32306969165802
1.669919729232788
1.5702005624771118
1.5578476190567017
1.5062531232833862
1.4525717496871948
1.1586978435516357
1.4422519207000732
1.6154112815856934
1.6093339920043945
1.5276111364364624
1.5548292398452759
1.4984477758407593
1.4119155406951904
1.544692039489746
1.4823919534683228
1.4453260898590088
1.5470269918441772
1.5167815685272217
1.3624190092086792
1.6134811639785767
1.454285979270935
1.5276631116867065
1.2667596340179443
1.2998263835906982
1.7657411098480225
1.5893018245697021
1.5344196557998657
1.4145926237106323
1.2840627431869507
1.3997811079025269
1.3239601850509644
1.124508261680603
1.5383539199829102
1.4903026819229126
1.604475498199463
1.4932292699813843
1.3113795518875122
1.5453014373779297
1.2962145805358887
1.5198302268981934
1.660103440284729
1.611953854560852
1.5123567581176758
1.5539017915725708
1.344172716140747
1.324008822441101
1.499406099319458
1.4221559762954712
1.6068744659423828
1.5570284128189087
1.5189284086227417
1.5329362154006958
1.506819486618042
1.456718921661377
1.3879647254943848
1.1876285076141357
1.5015697479248047
1.479665994644165
1.480036735534668
31.33684539794922
30.288576126098633
30.28452491760254
28.838939666748047
27.75121307373047
26.94232749938965
26.270801544189453
25.63035011291504
26.12187385559082
25.135086059570312
23.21293830871582
26.50851821899414
26.70737648010254
24.141590118408203
23.228403091430664
24.083227157592773
22.572057723999023
22.120054244995117
20.28668975830078
14.93231201171875
21.14972686767578
18.42098617553711
21.013042449951172
20.163040161132812
19.8897647857666
17.774662017822266
17.730224609375
17.874759674072266
18.608461380004883
16.44613265991211
13.707154273986816
15.468997955322266
16.85779571533203
16.640213012695312
16.1903133392334
16.09699249267578
15.622764587402344
13.483262062072754
14.820868492126465
13.227194786071777
13.78911304473877
13.03313159942627
12.792539596557617
12.801860809326172
14.018570899963379
13.857865333557129
13.12365436553955
12.849709510803223
11.64121150970459
11.849313735961914
11.193829536437988
11.445348739624023
11.607342720031738
10.821148872375488
11.713090896606445
12.148072242736816
11.884395599365234
12.139213562011719
11.245695114135742
10.991291046142578
10.253568649291992
10.371344566345215
32.10443878173828
31.29081153869629
31.208209991455078
30.227519989013672
28.918933868408203
29.384366989135742
27.917747497558594
26.239412307739258
26.08048439025879
26.819866180419922
25.350976943969727
25.934524536132812
22.011140823364258
22.865524291992188
20.711275100708008
21.69748306274414
21.53986930847168
20.252574920654297
19.179546356201172
22.262475967407227
21.873775482177734
20.370676040649414
20.34607696533203
19.458280563354492
17.921648025512695
17.52486228942871
17.50345802307129
15.17988109588623
16.198440551757812
14.598071098327637
15.459421157836914
13.634472846984863
11.757218360900879
12.87109661102295
11.208112716674805
12.566537857055664
12.052088737487793
12.26034927368164
14.50266170501709
14.009177207946777
13.32769775390625
13.233713150024414
12.487309455871582
11.849536895751953
12.41342544555664
11.915424346923828
11.29808235168457
12.150876998901367
9.592927932739258
10.517122268676758
9.870638847351074
8.573832511901855
10.342907905578613
8.885510444641113
9.826212882995605
9.543749809265137
9.850379943847656
11.163949966430664
11.197105407714844
10.336957931518555
11.035783767700195
10.606651306152344
10.950453758239746
10.079943656921387
9.906625747680664
9.539499282836914
10.288494110107422
9.86508560180664
9.9091215133667
8.851032257080078
10.127854347229004
8.866183280944824
9.064205169677734
9.364473342895508
9.019691467285156
8.321589469909668
10.479971885681152
10.139018058776855
9.82200813293457
10.161980628967285
9.814277648925781
9.768381118774414
10.231233596801758
9.21843147277832
8.55627727508545
9.211746215820312
9.476165771484375
8.980012893676758
9.233163833618164
8.951253890991211
8.47424602508545
7.993418216705322
8.58151912689209
8.421371459960938
8.974827766418457
9.658472061157227
9.709486961364746
9.543000221252441
9.81265640258789
9.060765266418457
9.37495231628418
8.535320281982422
8.383760452270508
8.450212478637695
8.530691146850586
8.075075149536133
8.000070571899414
8.206695556640625
6.669942855834961
7.237293243408203
32.149200439453125
33.70811080932617
33.687461853027344
32.135475158691406
32.982730865478516
32.09880828857422
29.344579696655273
30.892051696777344
29.37130355834961
27.277006149291992
26.68209457397461
25.7294921875
27.185178756713867
25.354028701782227
23.297677993774414
23.317195892333984
19.830398559570312
20.910158157348633
20.35252571105957
21.70819091796875
20.112045288085938
22.96183967590332
22.120515823364258
21.00955581665039
20.704986572265625
19.262393951416016
19.32767105102539
17.47599983215332
16.142108917236328
16.320341110229492
17.30061149597168
14.829925537109375
16.051424026489258
13.787050247192383
12.892784118652344
14.012913703918457
13.400501251220703
13.095778465270996
12.348660469055176
12.370102882385254
10.722819328308105
13.5997953414917
13.647012710571289
12.401582717895508
12.260205268859863
11.43806266784668
11.11088752746582
11.850031852722168
10.414011001586914
10.396767616271973
9.897717475891113
9.722363471984863
8.939716339111328
9.378396987915039
8.740891456604004
9.055795669555664
8.01832389831543
8.389232635498047
8.640613555908203
9.29159927368164
8.186391830444336
9.945213317871094
9.606512069702148
9.530033111572266
9.689979553222656
9.255576133728027
9.498337745666504
8.970552444458008
9.090596199035645
8.344265937805176
8.584375381469727
9.207124710083008
8.693602561950684
7.763052940368652
8.926995277404785
6.5940399169921875
8.227880477905273
8.620284080505371
7.975568771362305
8.204654693603516
7.368130207061768
8.989601135253906
9.214967727661133
8.83222484588623
8.985509872436523
8.34276008605957
8.52013111114502
9.014939308166504
8.356121063232422
7.672169208526611
7.89932918548584
8.063021659851074
7.811326503753662
7.515833377838135
7.679484844207764
7.862043380737305
7.164194583892822
6.8121418952941895
7.014155387878418
7.367365837097168
7.437520503997803
8.461159706115723
8.358304977416992
7.870608329772949
8.095775604248047
7.916442394256592
7.812431812286377
7.59260368347168
7.563068389892578
7.090489864349365
7.745562553405762
7.648062229156494
7.3790669441223145
6.579585552215576
7.005650043487549
5.916027545928955
6.857250690460205
7.314557075500488
6.909615516662598
6.995303153991699
5.941575050354004
7.703944206237793
7.790863513946533
6.951085567474365
7.581301212310791
7.080502510070801
7.203666687011719
7.167065620422363
6.603111743927002
6.991627216339111
6.803969860076904
7.4355854988098145
6.355907917022705
6.384366512298584
6.194186687469482
4.966942310333252
5.933012962341309
5.502316474914551
6.303876876831055
5.65224027633667
5.828165531158447
6.858747959136963
6.814523220062256
6.933801651000977
6.808043003082275
6.702840328216553
6.487465858459473
6.777627944946289
6.2962188720703125
5.644268989562988
6.147331714630127
5.822694778442383
5.444855213165283
5.5165815353393555
5.87174129486084
5.55670166015625
5.289376258850098
5.694394111633301
5.3766632080078125
5.343623161315918
5.517863750457764
6.320153713226318
6.2304792404174805
5.928809642791748
6.034757614135742
5.820429801940918
5.7074055671691895
5.620909214019775
5.254706859588623
5.205388069152832
5.699265003204346
5.36448860168457
5.526557445526123
4.764580726623535
4.7902913093566895
4.17450475692749
4.209969520568848
5.454561233520508
4.967647075653076
4.7389235496521
4.232421398162842
5.300166606903076
5.301677703857422
5.2775421142578125
5.2931437492370605
5.063684940338135
4.991734981536865
5.383892059326172
4.62941837310791
4.8007683753967285
4.893880367279053
4.3435845375061035
4.243020057678223
4.34722900390625
4.253050804138184
4.011977672576904
4.3786139488220215
4.0586838722229
4.229170322418213
4.186296463012695
4.221282482147217
4.5040435791015625
4.533645153045654
4.560137748718262
4.640969753265381
4.304383754730225
4.375953674316406
4.335994243621826
4.092764377593994
3.8350727558135986
4.037166118621826
4.146519660949707
3.803624153137207
3.7777762413024902
3.5043373107910156
3.056596517562866
3.1174979209899902
3.514007568359375
3.402791976928711
3.4312686920166016
3.3058393001556396
3.910996675491333
3.982431650161743
3.7095465660095215
3.7238104343414307
3.3266515731811523
3.414065361022949
3.5302236080169678
3.207231044769287
3.453376054763794
3.3876304626464844
3.2041656970977783
2.886690616607666
2.9820609092712402
2.750286340713501
2.7761788368225098
3.0685086250305176
2.7168405055999756
3.1945159435272217
2.7517528533935547
2.74932861328125
3.2316436767578125
3.2317140102386475
3.1935880184173584
3.2035439014434814
3.0860655307769775
2.938616991043091
3.0721704959869385
2.7510898113250732
2.6652050018310547
2.743555784225464
2.705171585083008
2.4881768226623535
2.583183526992798
2.4597930908203125
1.9539635181427002
2.4554336071014404
2.6211161613464355
2.4580771923065186
2.3110098838806152
2.370055913925171
2.813239336013794
2.682154655456543
2.664576768875122
2.6502702236175537
2.447917938232422
2.5690054893493652
2.690216064453125
2.4245846271514893
2.4398093223571777
2.354072332382202
2.4662766456604004
2.3943228721618652
2.2583136558532715
2.2379672527313232
2.2399559020996094
1.9513335227966309
2.1910881996154785
2.0372838973999023
2.1888816356658936
1.9638909101486206
2.6364121437072754
2.3966755867004395
2.296098232269287
2.4057557582855225
2.129236936569214
2.208019971847534
2.326892137527466
2.0228893756866455
1.9283829927444458
2.160141706466675
2.0667364597320557
2.1347832679748535
2.0374245643615723
1.8054026365280151
1.969987154006958
1.7791838645935059
1.9334673881530762
1.781471848487854
1.9148969650268555
1.837316870689392
2.1026999950408936
2.0468106269836426
2.0991597175598145
2.1482276916503906
1.9940787553787231
2.1170177459716797
1.9803502559661865
1.9702810049057007
1.8966232538223267
1.8581089973449707
1.735576868057251
1.7891117334365845
1.9689935445785522
1.4481687545776367
1.748889684677124
1.5836882591247559
1.8484753370285034
1.685716986656189
1.766387701034546
1.6906784772872925
2.074019193649292
2.0042171478271484
1.9438780546188354
1.9516048431396484
1.7983334064483643
1.9453262090682983
1.804627537727356
1.6251405477523804
1.740323781967163
1.8409861326217651
1.9800362586975098
1.4536086320877075
1.5919369459152222
1.3205132484436035
1.6309951543807983
1.4217137098312378
1.7728830575942993
1.5501067638397217
1.7428100109100342
1.6361356973648071
1.8112115859985352
1.9069750308990479
1.7718250751495361
1.7787795066833496
1.7536089420318604
1.7016819715499878
1.8242223262786865
1.5645502805709839
1.6028450727462769
1.6122972965240479
1.599115252494812
1.6016089916229248
1.604265809059143
1.4163981676101685
1.631331205368042
1.433834195137024
1.546792984008789
1.4126365184783936
1.5770841836929321
1.5124497413635254
1.73842453956604
1.766496181488037
1.7460740804672241
1.7535256147384644
1.7223563194274902
1.5973445177078247
1.5781761407852173
1.522757649421692
1.5543378591537476
1.588889241218567
1.586413025856018
1.508873701095581
1.4539874792099
1.343766212463379
1.5255285501480103
1.2892929315567017
1.4682246446609497
1.4374654293060303
1.5240671634674072
1.4466743469238281
1.7190078496932983
1.6180963516235352
1.554364800453186
1.589113712310791
1.5865669250488281
1.5327513217926025
1.4976500272750854
1.313685655593872
1.4572964906692505
1.5803816318511963
1.4651285409927368
1.4548113346099854
1.3785439729690552
1.509392499923706
1.0900274515151978
1.326280951499939
1.5010238885879517
1.297958254814148
1.390701174736023
1.28031587600708
1.7158665657043457
1.5772240161895752
1.494796872138977
1.5429952144622803
1.3769224882125854
1.5103260278701782
1.4064580202102661
1.4466404914855957
1.472723364830017
1.6168861389160156
1.4395933151245117
1.4687098264694214
1.4136056900024414
1.227900743484497
1.1465165615081787
1.2070494890213013
1.2591679096221924
1.2373418807983398
1.3674089908599854
1.308363437652588
1.5614463090896606
1.5689702033996582
1.5123897790908813
1.4548239707946777
1.4832900762557983
1.4137204885482788
1.475329875946045
1.2973593473434448
1.355923056602478
1.3101731538772583
1.2715482711791992
1.3264670372009277
1.2581075429916382
1.1723171472549438
1.262953519821167
1.2855708599090576
1.3671189546585083
1.2334223985671997
1.3370068073272705
1.1620557308197021
1.482422947883606
1.4198030233383179
1.461441159248352
1.4366118907928467
1.257996678352356
1.3619202375411987
1.3973033428192139
1.2799285650253296
1.2495237588882446
1.3540223836898804
1.34714937210083
1.2719690799713135
1.2499377727508545
1.1679725646972656
0.9335291981697083
1.0601069927215576
1.2968741655349731
1.2182365655899048
1.2371227741241455
1.1532014608383179
1.4613186120986938
1.4939268827438354
1.392587661743164
1.3637638092041016
1.4093985557556152
1.3883028030395508
1.3571628332138062
1.2075507640838623
1.2716623544692993
1.3516454696655273
1.365666389465332
1.4996843338012695
1.3591810464859009
1.2050026655197144
1.3770372867584229
1.2429563999176025
1.2171728610992432
1.1471366882324219
1.095075249671936
1.0942884683609009
1.433026671409607
1.3418617248535156
1.3804091215133667
1.3377360105514526
1.3095314502716064
1.3179185390472412
1.3853312730789185
1.226306676864624
1.1909682750701904
1.2748339176177979
1.2355519533157349
1.2985132932662964
1.1754788160324097
1.3268687725067139
1.173909068107605
1.2542777061462402
0.982124388217926
1.127197504043579
1.2207822799682617
1.2266987562179565
1.4908127784729004
1.3318357467651367
1.3596322536468506
1.3551255464553833
1.2475078105926514
1.2775307893753052
1.2506643533706665
1.1799325942993164
1.2454378604888916
1.3610272407531738
1.3007173538208008
1.1860541105270386
1.1277841329574585
0.9171246290206909
1.1149928569793701
1.22088623046875
1.129772663116455
1.1750632524490356
1.3032282590866089
1.0748889446258545
1.3786237239837646
1.2452598810195923
1.3055044412612915
1.3336842060089111
1.3430931568145752
1.2126511335372925
1.219580888748169
1.1649402379989624
1.1719038486480713
1.1041051149368286
1.4350897073745728
1.3499336242675781
1.1894968748092651
0.8901026844978333
1.1632862091064453
1.0828710794448853
1.172904133796692
1.1435266733169556
1.237142562866211
1.1350698471069336
1.4652416706085205
1.3391196727752686
1.4047828912734985
1.3034247159957886
1.2582954168319702
1.2108917236328125
1.332777500152588
1.1518985033035278
1.2795774936676025
1.313698172569275
1.2232517004013062
1.0558204650878906
1.1493257284164429
1.0537225008010864
1.1983146667480469
1.3532886505126953
1.0101431608200073
1.0887025594711304
1.0688124895095825
1.1323535442352295
1.363081693649292
1.2090929746627808
1.322978138923645
1.3019779920578003
1.1567407846450806
1.2584443092346191
1.1871029138565063
1.1354784965515137
1.1507282257080078
1.2728888988494873
1.41715407371521
1.1936558485031128
1.1142804622650146
1.1408551931381226
1.1010788679122925
0.9709050059318542
1.157759428024292
1.1787439584732056
1.1038745641708374
1.144594430923462
1.3627936840057373
1.2872486114501953
1.2359659671783447
1.2009837627410889
1.280220866203308
1.2256373167037964
1.1947053670883179
1.109336018562317
1.1928094625473022
1.2282099723815918
1.110235571861267
1.0418862104415894
1.205157995223999
1.0555002689361572
0.8251209855079651
1.0639381408691406
1.112711787223816
1.0097167491912842
1.0649203062057495
0.9982059001922607
1.3566546440124512
1.3711192607879639
1.2037920951843262
1.2668485641479492
1.1950191259384155
1.1491954326629639
1.2325283288955688
1.149901032447815
1.1961973905563354
1.1359093189239502
1.2205971479415894
1.2719253301620483
1.1594314575195312
0.9913314580917358
0.8660151362419128
0.8840588331222534
1.0747058391571045
1.0360033512115479
1.1455912590026855
1.0070114135742188
1.295229434967041
1.321569800376892
1.2412817478179932
1.327683448791504
1.1987273693084717
1.2371883392333984
1.0741491317749023
1.098495602607727
1.1457823514938354
1.2523490190505981
1.118619441986084
1.1505054235458374
1.026371955871582
1.1059753894805908
1.0024689435958862
1.0101748704910278
1.174940586090088
1.1066821813583374
1.0682830810546875
1.0092201232910156
1.286604642868042
1.2485283613204956
1.3232135772705078
1.1770823001861572
1.1550962924957275
1.1495506763458252
1.127091646194458
1.0164220333099365
1.0977017879486084
1.1242974996566772
1.16421639919281
1.1842639446258545
1.1528915166854858
0.9288640022277832
1.048776626586914
0.9472395777702332
1.0238044261932373
1.030716061592102
1.1664862632751465
0.9666402339935303
1.354051113128662
1.1957064867019653
1.2092853784561157
1.2586619853973389
1.1726276874542236
1.187685251235962
1.1287635564804077
1.0938255786895752
1.1942332983016968
1.2476797103881836
1.0834362506866455
1.1866662502288818
1.0593291521072388
1.087916612625122
0.8737545013427734
0.9923405647277832
1.150259017944336
1.0205649137496948
1.0518622398376465
1.2100403308868408
1.2896119356155396
1.2256512641906738
1.202847957611084
1.1822623014450073
1.1698845624923706
1.171135663986206
1.1830816268920898
1.0453996658325195
1.0994232892990112
1.0846028327941895
1.1474077701568604
1.1689478158950806
1.1575263738632202
1.0940907001495361
0.7829676270484924
1.0240119695663452
1.0990499258041382
0.9394983649253845
1.1135472059249878
0.9863107204437256
1.3435933589935303
1.1930042505264282
1.2382704019546509
1.2108577489852905
1.0849002599716187
1.108595848083496
1.1223217248916626
1.1142804622650146
1.1905992031097412
1.2309576272964478
1.1416383981704712
1.1017932891845703
1.0271618366241455
1.0340806245803833
1.082912564277649
0.8585703372955322
1.0910102128982544
0.9571316242218018
0.969936192035675
0.9967147707939148
1.331251621246338
1.1609362363815308
1.2371771335601807
1.2117156982421875
1.1573021411895752
1.112441062927246
1.0992764234542847
1.0293021202087402
1.1668812036514282
1.1197420358657837
1.0021988153457642
1.1184813976287842
1.0309072732925415
0.923012912273407
0.9935938715934753
0.831058919429779
1.0153051614761353
0.9292106628417969
1.0890856981277466
0.940254807472229
1.2142612934112549
1.1487873792648315
1.2079678773880005
1.141839861869812
1.1508269309997559
1.0585805177688599
1.1754405498504639
1.035770297050476
1.0332509279251099
1.082214593887329
1.0692877769470215
1.190019965171814
1.1222929954528809
0.9717971682548523
0.8539412617683411
0.9854550361633301
1.0932327508926392
0.9628243446350098
1.0002541542053223
0.872846245765686
1.2258145809173584
1.141936182975769
1.133034348487854
1.1917331218719482
1.1530146598815918
1.0354316234588623
1.1545859575271606
1.0655536651611328
1.0116355419158936
1.0935195684432983
1.118025541305542
1.1214109659194946
0.9929918050765991
1.1202998161315918
0.9905917644500732
1.056823492050171
0.9627193212509155
0.9764845371246338
0.920217752456665
1.0467419624328613
1.2877625226974487
1.1683980226516724
1.17239511013031
1.1848585605621338
1.0539207458496094
1.1127231121063232
1.003928303718567
1.0269602537155151
1.0495654344558716
1.0754965543746948
1.1948765516281128
1.022117018699646
0.9716625213623047
0.7833475470542908
0.8761580586433411
0.9951046705245972
0.9768323302268982
1.0637450218200684
0.9503018856048584
0.8883861899375916
32.718536376953125
32.41874313354492
31.308246612548828
31.782651901245117
30.956748962402344
28.10346031188965
30.93730926513672
27.053571701049805
25.320003509521484
27.584348678588867
22.721994400024414
25.582717895507812
23.050662994384766
21.933698654174805
21.02018165588379
21.94655418395996
20.306150436401367
19.3734130859375
19.889326095581055
17.130949020385742
21.65159797668457
21.12025260925293
20.037046432495117
19.83609390258789
18.82366943359375
18.55438232421875
17.405704498291016
16.971111297607422
17.12057876586914
16.519264221191406
16.659629821777344
15.947538375854492
14.675661087036133
14.818243980407715
11.388629913330078
11.854377746582031
13.546455383300781
12.822063446044922
12.893051147460938
12.925836563110352
14.390361785888672
13.819561004638672
13.147552490234375
13.366800308227539
12.439887046813965
12.426124572753906
13.08069133758545
11.826068878173828
10.621146202087402
11.377846717834473
11.22696590423584
11.427715301513672
10.758123397827148
9.938274383544922
8.753571510314941
10.294171333312988
9.970724105834961
10.021514892578125
10.329802513122559
9.21810245513916
11.366548538208008
11.553750038146973
11.109281539916992
11.066908836364746
10.473503112792969
10.862759590148926
10.517044067382812
10.668468475341797
10.199646949768066
10.605186462402344
9.315889358520508
9.819231033325195
9.487056732177734
8.871334075927734
8.966115951538086
8.201582908630371
9.12117862701416
9.130940437316895
9.226441383361816
8.76209545135498
10.606504440307617
10.238381385803223
10.36298656463623
10.486125946044922
10.073687553405762
9.878917694091797
10.283551216125488
9.868213653564453
8.68897533416748
9.188636779785156
9.384561538696289
8.880857467651367
8.941031455993652
8.786253929138184
6.923255443572998
9.01364803314209
8.516236305236816
8.547184944152832
9.511504173278809
8.26410961151123
9.796041488647461
9.653863906860352
9.748858451843262
9.618143081665039
9.00817584991455
9.0322847366333
8.640597343444824
8.834856033325195
8.624429702758789
9.048168182373047
8.624828338623047
8.606929779052734
8.286529541015625
8.0834379196167
7.972400188446045
7.020164489746094
7.952287197113037
8.467025756835938
7.516897201538086
7.359524726867676
9.164648056030273
9.263958930969238
8.756218910217285
8.724324226379395
8.451823234558105
8.219620704650879
8.262916564941406
7.813752174377441
7.621347904205322
8.116654396057129
8.150864601135254
7.579773902893066
8.12251091003418
8.16622257232666
7.275817394256592
7.295027732849121
6.983133316040039
7.1210198402404785
7.220544815063477
7.49916934967041
8.111102104187012
8.171708106994629
7.853365898132324
8.167367935180664
7.846688270568848
7.691688060760498
8.040433883666992
7.30308198928833
7.332662105560303
7.159811019897461
7.148383140563965
6.649083137512207
6.585826873779297
6.564610481262207
5.506259441375732
6.808444499969482
5.477656364440918
6.53291130065918
6.1843743324279785
5.961725234985352
7.31980562210083
7.301040172576904
7.001898288726807
7.08942985534668
6.491934299468994
6.77835750579834
7.027116298675537
5.7600202560424805
6.08461332321167
6.307090759277344
6.2042155265808105
6.2074995040893555
5.79535436630249
4.996689796447754
5.887369155883789
4.936336040496826
5.771785736083984
5.83126974105835
5.539173603057861
6.114894390106201
6.467226505279541
6.437973976135254
6.148861885070801
6.371510028839111
6.014002323150635
6.121819019317627
5.989994049072266
5.584114074707031
5.825289726257324
5.559053421020508
5.961708068847656
4.9164557456970215
5.262594223022461
4.797819137573242
5.288154125213623
5.113945960998535
4.976851463317871
4.978114128112793
5.29219388961792
4.817646503448486
5.63883113861084
5.322320461273193
5.4602179527282715
5.162881374359131
5.251452922821045
5.298160552978516
4.985623359680176
4.431063652038574
4.967655181884766
4.570983409881592
4.861771106719971
4.095678329467773
4.232578277587891
4.010014533996582
4.40834903717041
4.227593898773193
4.385959148406982
4.180152893066406
4.225424289703369
4.1090407371521
4.488368988037109
4.753957748413086
4.553510665893555
4.607767581939697
4.368573188781738
4.362646579742432
4.322657108306885
4.309329986572266
4.050901412963867
3.6893503665924072
4.058878421783447
3.868086814880371
3.693784713745117
3.5704503059387207
2.8135995864868164
3.2338998317718506
3.267307996749878
3.2463667392730713
3.1264402866363525
3.207871437072754
3.878415822982788
3.707517147064209
3.626190423965454
3.6818385124206543
3.5178985595703125
3.527865171432495
3.2502474784851074
3.2279863357543945
3.2757632732391357
3.5712597370147705
3.4207444190979004
3.0407931804656982
3.0765066146850586
2.913952350616455
2.9348089694976807
2.7531628608703613
3.1353111267089844
2.8155767917633057
2.8181087970733643
2.6439454555511475
3.150400161743164
3.235567808151245
2.985604763031006
3.2580788135528564
3.097850799560547
2.9144115447998047
3.208423614501953
2.9080405235290527
2.8133387565612793
2.806175708770752
2.560786008834839
2.5342414379119873
2.610835313796997
2.450176239013672
2.0630292892456055
2.4930524826049805
2.2794108390808105
2.2395849227905273
2.4921929836273193
2.2334227561950684
2.7850115299224854
2.6924571990966797
2.5837082862854004
2.6026294231414795
2.5282952785491943
2.4721860885620117
2.475670099258423
2.2968106269836426
2.2896549701690674
2.3347136974334717
2.2194623947143555
2.16853404045105
2.269991159439087
2.1871860027313232
1.7854856252670288
2.1993401050567627
2.022857427597046
2.1401846408843994
1.99197256565094
2.051161527633667
2.3512957096099854
2.3332784175872803
2.365769863128662
2.423246383666992
2.1698648929595947
2.315389394760132
2.235948324203491
2.0635228157043457
2.07892107963562
2.180685043334961
2.1610419750213623
2.012648582458496
2.0698604583740234
1.91987144947052
1.9906145334243774
1.719969630241394
1.9913086891174316
1.8076223134994507
1.9515496492385864
1.6483527421951294
2.182568311691284
2.081268787384033
2.0534303188323975
2.0314652919769287
2.0777063369750977
1.868325114250183
1.9896348714828491
1.8308942317962646
1.8974944353103638
1.9431504011154175
1.8005584478378296
1.6750694513320923
1.699892282485962
1.694050908088684
1.3674687147140503
1.6518357992172241
1.7121050357818604
1.4926389455795288
1.677016258239746
1.5180046558380127
1.9529632329940796
1.89742112159729
1.9220408201217651
1.9498987197875977
1.6593756675720215
1.9059621095657349
1.9078229665756226
1.6961508989334106
1.654885172843933
1.7707152366638184
1.8520991802215576
1.8104833364486694
1.5822359323501587
1.4878935813903809
1.61423921585083
1.393802523612976
1.5977239608764648
1.5635077953338623
1.5598725080490112
1.661912441253662
1.9463074207305908
1.8436858654022217
1.7431552410125732
1.7052438259124756
1.677922248840332
1.6784762144088745
1.710971474647522
1.4758021831512451
1.5552695989608765
1.5701732635498047
1.7795380353927612
1.663008451461792
1.5591706037521362
1.4745737314224243
1.5357683897018433
1.430861473083496
1.598335862159729
1.6070502996444702
1.506345272064209
1.4873087406158447
1.8099052906036377
1.7085943222045898
1.592208743095398
1.7393605709075928
1.6388837099075317
1.5300034284591675
1.634979009628296
1.5043666362762451
1.521586537361145
1.5570305585861206
1.514268159866333
1.3394076824188232
1.3578401803970337
1.448885202407837
1.0723910331726074
1.2626779079437256
1.3760405778884888
1.3764281272888184
1.310534954071045
1.2432305812835693
1.641335129737854
1.5127367973327637
1.527524471282959
1.5946440696716309
1.4862854480743408
1.5140854120254517
1.4074069261550903
1.370201826095581
1.3607161045074463
1.4871066808700562
1.5112894773483276
1.546852707862854
1.4047034978866577
1.3942720890045166
1.4282394647598267
1.332823395729065
1.352142572402954
1.2867461442947388
1.394659161567688
1.3266812562942505
1.6636544466018677
1.5498027801513672
1.5520678758621216
1.4888476133346558
1.486786127090454
1.4187425374984741
1.4811841249465942
1.3701664209365845
1.3987207412719727
1.4355804920196533
1.4602121114730835
1.3813514709472656
1.3178250789642334
1.2242432832717896
1.0715398788452148
1.3026411533355713
1.3989955186843872
1.2781227827072144
1.2666759490966797
1.2004444599151611
1.5343279838562012
1.533997654914856
1.4130101203918457
1.4050302505493164
1.4466644525527954
1.3301821947097778
1.4583815336227417
1.3867229223251343
1.2505273818969727
1.3761236667633057
1.3373719453811646
1.450356364250183
1.23477041721344
1.262750506401062
1.252565622329712
1.3358138799667358
1.2211018800735474
1.235901117324829
1.2040235996246338
1.1096020936965942
1.4975881576538086
1.403796911239624
1.5054086446762085
1.3521223068237305
1.400160789489746
1.3241490125656128
1.2526557445526123
1.3128224611282349
1.3083897829055786
1.36339271068573
1.3819286823272705
1.2783665657043457
1.1902005672454834
1.01283597946167
1.157226324081421
1.073907494544983
1.221071481704712
1.2435005903244019
1.2118401527404785
1.2655342817306519
1.4315898418426514
1.3444844484329224
1.3832106590270996
1.3048115968704224
1.3035517930984497
1.2917524576187134
1.3305742740631104
1.1848211288452148
1.197679042816162
1.3535069227218628
1.3082270622253418
1.2484831809997559
1.1817338466644287
1.2132898569107056
1.2131507396697998
1.296352505683899
1.1547205448150635
1.0486093759536743
1.1341979503631592
1.0683379173278809
1.521912693977356
1.3245614767074585
1.4380707740783691
1.4096781015396118
1.2453128099441528
1.3335649967193604
1.237553596496582
1.1363024711608887
1.1906986236572266
1.368866205215454
1.3088934421539307
1.2731062173843384
1.172478199005127
0.9483029246330261
1.140413522720337
0.9514906406402588
1.2331985235214233
1.2461999654769897
1.1458157300949097
1.1679915189743042
1.3522096872329712
1.3081672191619873
1.396716833114624
1.3669428825378418
1.2496041059494019
1.2638847827911377
1.2405855655670166
1.14679753780365
1.1389015913009644
1.233627438545227
1.2266826629638672
1.282123327255249
1.07169508934021
1.1286449432373047
1.1453804969787598
0.9827812314033508
1.1071908473968506
0.9881455898284912
1.1956713199615479
1.1512118577957153
1.376731514930725
1.2598017454147339
1.3228224515914917
1.2527952194213867
1.2304165363311768
1.2865147590637207
1.2711025476455688
