35.437774658203125
34.02854919433594
34.244407653808594
30.52562141418457
28.547393798828125
28.622007369995117
30.384225845336914
27.71600341796875
32.208091735839844
32.40988540649414
27.487897872924805
28.71181297302246
25.945131301879883
23.05202865600586
22.305816650390625
19.35041618347168
25.0726261138916
24.78624153137207
23.171667098999023
23.994483947753906
21.29852867126465
19.477005004882812
19.823049545288086
15.789649963378906
21.358322143554688
19.71636962890625
18.521944046020508
16.79989242553711
17.654741287231445
17.464574813842773
17.081920623779297
13.244024276733398
16.600006103515625
16.170379638671875
15.05608081817627
15.243908882141113
13.775681495666504
12.928645133972168
13.072212219238281
11.103799819946289
14.286754608154297
14.133338928222656
14.451518058776855
12.051548957824707
11.570130348205566
12.971673965454102
12.37890911102295
8.978236198425293
13.068256378173828
12.094348907470703
11.867140769958496
11.11291217803955
11.65168285369873
9.375737190246582
11.411587715148926
9.37724781036377
10.684473991394043
10.766716957092285
11.03559398651123
10.735097885131836
11.265705108642578
10.588383674621582
10.529072761535645
8.493108749389648
10.467551231384277
9.798489570617676
10.910810470581055
9.324256896972656
9.450549125671387
7.252303123474121
10.82308292388916
8.092843055725098
10.467347145080566
10.303841590881348
9.938889503479004
9.774178504943848
8.985237121582031
9.307645797729492
10.471749305725098
8.316882133483887
9.751970291137695
9.374685287475586
9.10198974609375
9.045931816101074
9.123759269714355
9.511847496032715
8.092570304870605
8.379477500915527
10.451641082763672
9.642314910888672
10.388688087463379
9.198118209838867
8.083755493164062
7.417840003967285
8.360733032226562
6.017149448394775
9.045077323913574
9.15640926361084
8.834965705871582
8.473776817321777
8.54227066040039
8.084113121032715
7.957194805145264
8.356905937194824
9.529434204101562
9.268760681152344
8.19532299041748
8.834671020507812
7.99806022644043
8.1316499710083
7.996728420257568
6.959689617156982
9.360807418823242
8.849883079528809
9.08468246459961
7.622777938842773
7.870838165283203
7.587060928344727
34.676536560058594
33.98275375366211
31.175870895385742
34.06559371948242
27.3763484954834
28.791627883911133
26.3326416015625
28.320589065551758
31.51422691345215
28.963903427124023
28.62371063232422
27.07657241821289
24.684507369995117
24.803958892822266
23.542980194091797
22.083051681518555
23.727069854736328
22.650299072265625
21.154882431030273
19.899431228637695
19.644390106201172
19.818422317504883
19.273773193359375
17.227521896362305
18.284255981445312
17.53892707824707
17.201988220214844
16.14867401123047
16.20488739013672
15.052942276000977
13.49905014038086
13.998149871826172
15.977364540100098
14.86105728149414
13.42696762084961
13.480843544006348
13.55897331237793
12.660333633422852
10.55511474609375
11.37846565246582
12.902284622192383
13.191697120666504
12.34498405456543
11.82959270477295
12.060842514038086
12.145873069763184
11.04061508178711
10.231653213500977
11.636263847351074
11.371164321899414
10.124818801879883
9.902606964111328
9.976162910461426
10.120100975036621
9.43890380859375
9.014132499694824
11.11567497253418
10.938804626464844
9.956138610839844
9.602239608764648
9.644426345825195
10.130537033081055
9.724434852600098
8.947595596313477
9.805614471435547
10.826157569885254
9.953668594360352
9.031068801879883
10.461344718933105
9.048888206481934
9.230406761169434
7.402316570281982
9.978394508361816
8.779448509216309
8.609830856323242
8.757108688354492
9.44157886505127
8.408307075500488
7.0021209716796875
7.2153143882751465
10.286681175231934
9.054230690002441
9.435328483581543
9.086808204650879
7.31699800491333
8.102775573730469
8.864840507507324
6.7341108322143555
9.921113967895508
8.929851531982422
9.188454627990723
8.796890258789062
8.89179801940918
7.633757591247559
8.227433204650879
7.263662338256836
8.608562469482422
7.83358097076416
8.397136688232422
7.437669277191162
7.413016319274902
6.934993743896484
7.3136091232299805
5.782820701599121
8.635451316833496
8.393231391906738
8.515300750732422
8.0127534866333
9.196242332458496
6.211355686187744
7.0234293937683105
8.509027481079102
7.881017208099365
9.364688873291016
8.31785774230957
6.9977192878723145
7.25586462020874
6.751469135284424
7.507665157318115
6.162744045257568
8.185189247131348
8.419831275939941
7.153477668762207
6.6658501625061035
6.964056968688965
7.301575660705566
7.137218475341797
5.673376083374023
7.473212242126465
7.519506454467773
7.426048755645752
7.048590660095215
6.3152289390563965
6.730922222137451
6.685067653656006
6.340008735656738
8.164192199707031
7.528870105743408
6.996732711791992
6.585432052612305
7.031185626983643
7.410438060760498
5.745072364807129
5.097137928009033
7.2736639976501465
7.31295108795166
7.9520063400268555
7.013425350189209
6.048051834106445
6.556431293487549
6.504411697387695
5.587441444396973
7.050045490264893
6.605885028839111
6.304085731506348
6.3568315505981445
6.875821590423584
5.660312175750732
6.554450511932373
5.10880708694458
6.716274261474609
6.73201847076416
6.58461856842041
5.8653388023376465
5.846521377563477
6.197164535522461
5.632096290588379
3.753290891647339
6.318103313446045
6.494917392730713
5.902462482452393
5.764791965484619
5.892929553985596
5.424132347106934
4.289894104003906
4.966036796569824
6.024836540222168
5.718658924102783
5.2892560958862305
5.881807804107666
5.002220153808594
4.723923206329346
4.463667392730713
4.494712829589844
5.591362476348877
5.200534343719482
5.0880022048950195
4.810912609100342
5.150318145751953
4.870113849639893
5.249227046966553
4.324864387512207
5.312819480895996
5.044546604156494
4.882798194885254
4.407458782196045
4.751165390014648
4.675003528594971
4.181361675262451
3.3409199714660645
4.557224273681641
4.986626148223877
4.778576374053955
4.504396438598633
4.252282619476318
4.421595096588135
4.086610317230225
3.4289116859436035
33.298858642578125
35.35190200805664
33.792457580566406
33.061920166015625
30.269283294677734
29.080739974975586
30.882747650146484
30.608259201049805
28.821102142333984
27.364444732666016
22.314359664916992
20.108556747436523
28.199316024780273
27.086572647094727
25.23210906982422
25.120393753051758
24.67848777770996
25.19744110107422
24.25863265991211
19.29796028137207
25.268753051757812
23.114601135253906
20.955522537231445
20.26547622680664
20.004133224487305
20.53981590270996
18.665456771850586
17.04412841796875
19.05963897705078
19.292911529541016
18.358810424804688
19.77783203125
17.640336990356445
16.919403076171875
15.850025177001953
15.543580055236816
16.96449089050293
16.806650161743164
16.690229415893555
14.861639022827148
14.544143676757812
13.459346771240234
14.17512035369873
12.231756210327148
14.519153594970703
14.044150352478027
14.1250638961792
12.621761322021484
12.190152168273926
9.171021461486816
13.33292007446289
10.214999198913574
12.342479705810547
12.584210395812988
11.673698425292969
11.391203880310059
10.983323097229004
10.60377025604248
10.40489387512207
10.201698303222656
12.159756660461426
11.16627025604248
10.744158744812012
11.076324462890625
10.022618293762207
9.726856231689453
10.361237525939941
9.491947174072266
11.359420776367188
10.287670135498047
11.77714729309082
9.997750282287598
10.915074348449707
9.935568809509277
9.31717300415039
8.893899917602539
10.827388763427734
10.120403289794922
10.147212982177734
9.10820484161377
8.788475036621094
8.603405952453613
10.295111656188965
8.409372329711914
10.505396842956543
9.382930755615234
10.140227317810059
8.773824691772461
8.24044418334961
8.570047378540039
7.368427753448486
7.0826568603515625
10.225996017456055
9.587800025939941
9.94002628326416
9.148715019226074
10.026208877563477
8.392455101013184
8.649042129516602
6.234316349029541
9.394914627075195
10.120894432067871
8.320005416870117
8.447608947753906
8.567394256591797
7.804348945617676
8.119047164916992
7.366580963134766
8.722169876098633
8.978861808776855
9.323901176452637
8.37126350402832
8.414570808410645
7.199427127838135
6.660199165344238
7.695035457611084
9.00330638885498
9.187769889831543
8.258877754211426
7.848963260650635
7.288354873657227
7.832605838775635
7.703286170959473
6.99622917175293
7.835612773895264
8.28014087677002
7.572242259979248
7.365969657897949
7.971310615539551
8.14244556427002
8.299529075622559
7.091894626617432
8.703725814819336
7.430776119232178
7.7138285636901855
8.0343656539917
6.939357757568359
8.22375202178955
7.141108989715576
7.314122200012207
8.339154243469238
8.908174514770508
8.337064743041992
6.833372592926025
8.096447944641113
7.192338943481445
6.806912422180176
4.725770473480225
8.168782234191895
7.980955123901367
8.106779098510742
7.268667221069336
6.907718181610107
6.947046756744385
6.651810646057129
5.782656192779541
7.382284641265869
6.923739433288574
6.412469863891602
7.02799654006958
7.034628391265869
6.576536178588867
5.917161464691162
5.655794620513916
7.275716781616211
6.893687725067139
6.630184650421143
6.100968837738037
5.803325653076172
5.479583740234375
5.804856777191162
5.464043140411377
6.200843334197998
6.533814907073975
6.348702430725098
5.745694160461426
5.945021629333496
6.26532506942749
5.13338565826416
5.419679164886475
6.688434600830078
6.20500373840332
5.6918134689331055
5.901835918426514
5.9599528312683105
5.649867057800293
5.370965003967285
4.984671115875244
5.534952163696289
4.988270282745361
6.101041316986084
5.52049446105957
5.222071647644043
4.42604398727417
4.892326354980469
4.599740505218506
5.573923110961914
5.358222484588623
5.225314140319824
5.128036022186279
4.703592300415039
4.9756340980529785
5.155808925628662
3.8398776054382324
5.0416789054870605
5.178276062011719
4.760095596313477
5.278537273406982
4.084257125854492
4.45267915725708
4.658091068267822
4.085988998413086
38.79480743408203
38.471710205078125
37.65152359008789
35.16270065307617
33.25157928466797
31.67408561706543
34.23945999145508
26.80269432067871
35.12379455566406
32.24650573730469
30.072534561157227
30.16966438293457
28.327537536621094
28.979726791381836
26.514001846313477
22.332515716552734
26.309432983398438
26.461944580078125
23.65996742248535
21.11444091796875
20.92557144165039
21.692140579223633
18.91176414489746
16.503690719604492
20.531600952148438
21.103891372680664
19.34799575805664
19.440101623535156
17.142810821533203
18.103811264038086
16.608579635620117
14.520486831665039
35.127376556396484
35.38957977294922
36.44076156616211
33.227718353271484
30.806737899780273
35.370216369628906
29.91374969482422
31.668798446655273
30.751949310302734
31.809301376342773
31.836217880249023
31.064254760742188
29.899333953857422
29.382978439331055
27.75567054748535
24.25049591064453
29.04851531982422
27.318626403808594
26.91130256652832
36.23200607299805
36.34207534790039
35.29514694213867
30.34914779663086
32.51199722290039
30.730419158935547
31.28411293029785
28.313732147216797
31.836172103881836
31.143522262573242
29.954980850219727
27.29497528076172
25.88205337524414
24.94797134399414
20.593854904174805
21.419858932495117
25.04970359802246
23.953624725341797
24.157766342163086
19.717071533203125
21.257966995239258
19.747188568115234
19.600133895874023
17.15770721435547
20.249828338623047
19.155481338500977
18.22038459777832
18.884061813354492
17.812759399414062
16.050914764404297
15.621941566467285
13.036908149719238
17.364458084106445
16.65846061706543
15.82520580291748
15.343356132507324
16.325586318969727
14.225115776062012
14.330057144165039
12.908462524414062
14.988953590393066
14.255250930786133
13.390416145324707
13.786608695983887
12.540759086608887
11.5667085647583
11.174378395080566
9.368035316467285
12.83804988861084
12.60770034790039
11.48570442199707
10.995670318603516
9.382322311401367
10.967803955078125
11.353290557861328
9.397377014160156
12.018598556518555
11.34671688079834
11.986397743225098
11.041131973266602
10.479686737060547
9.590060234069824
10.775235176086426
9.231758117675781
10.860800743103027
10.714876174926758
9.550091743469238
9.650603294372559
8.671761512756348
8.7216796875
8.430489540100098
8.550975799560547
10.767446517944336
9.76554012298584
9.663748741149902
9.738877296447754
7.630885124206543
10.081010818481445
9.014595985412598
9.277982711791992
10.639727592468262
10.749231338500977
9.784570693969727
9.257492065429688
8.809908866882324
8.607216835021973
10.106352806091309
8.218017578125
10.039017677307129
9.543676376342773
9.290853500366211
8.921719551086426
9.2273530960083
8.218135833740234
8.061508178710938
8.002134323120117
9.749913215637207
9.058021545410156
9.012322425842285
8.902210235595703
8.78759479522705
9.017472267150879
8.74740219116211
7.010233402252197
8.545100212097168
8.932441711425781
9.616477012634277
9.045499801635742
9.761512756347656
8.737080574035645
7.759788513183594
7.730707168579102
8.911657333374023
8.835848808288574
9.19704532623291
7.906808376312256
8.02401351928711
6.225707530975342
7.579487323760986
6.825611591339111
8.1513090133667
8.006689071655273
7.884345054626465
8.067774772644043
7.498494625091553
7.283830642700195
7.634643077850342
6.222100257873535
8.841482162475586
9.00212287902832
7.201890468597412
8.317392349243164
7.277635097503662
8.11751937866211
5.79790735244751
6.957591533660889
7.666184425354004
7.49061393737793
8.330885887145996
7.370180606842041
5.98620080947876
6.942758560180664
8.16159439086914
5.85594367980957
8.15003490447998
7.706823825836182
7.92600154876709
6.75619649887085
6.746786594390869
7.5353684425354
6.319648742675781
5.617722988128662
7.837723731994629
7.2286787033081055
6.803284645080566
6.2001543045043945
6.791189193725586
6.964747905731201
5.395798683166504
5.90177583694458
6.885609149932861
6.879528999328613
6.748262882232666
6.466076850891113
6.521332263946533
6.563384056091309
5.1925811767578125
5.889796257019043
6.596717834472656
7.017216682434082
7.0877366065979
6.721808433532715
5.444020748138428
5.8255462646484375
5.8803887367248535
5.121575355529785
7.05410623550415
6.183391094207764
5.769712924957275
5.4279937744140625
5.37384557723999
5.467742443084717
5.274499893188477
5.511740684509277
6.379325866699219
6.030980110168457
5.989003658294678
4.957676410675049
5.674962997436523
5.301300048828125
5.044201850891113
4.348451137542725
5.595541954040527
5.583183765411377
5.220840930938721
5.3883891105651855
4.680887222290039
5.127195835113525
4.545699596405029
4.433035850524902
5.104679107666016
4.908923625946045
4.947811603546143
5.088206768035889
4.359480381011963
4.118579864501953
4.278036594390869
4.136939525604248
9.483907699584961
8.915693283081055
7.837757587432861
8.481547355651855
7.6841139793396
8.52734088897705
7.675060749053955
7.038074493408203
9.65042495727539
8.947213172912598
8.938450813293457
9.14439868927002
31.750211715698242
32.546905517578125
30.589191436767578
30.25143051147461
30.739334106445312
27.881681442260742
26.117990493774414
26.372028350830078
31.091543197631836
30.048553466796875
26.427385330200195
25.77463150024414
21.783775329589844
24.273069381713867
25.125024795532227
21.0910587310791
25.514801025390625
25.43269157409668
22.440494537353516
21.742198944091797
21.64089584350586
21.18645668029785
21.220273971557617
17.061689376831055
21.159257888793945
19.408323287963867
18.808494567871094
18.210798263549805
15.877178192138672
13.677265167236328
14.628647804260254
16.03920555114746
18.08758544921875
16.960020065307617
16.35216522216797
15.414728164672852
15.868246078491211
14.338845252990723
13.72583293914795
13.023782730102539
14.715539932250977
14.945929527282715
13.95213794708252
13.727448463439941
13.225509643554688
12.321351051330566
13.026802062988281
10.364773750305176
13.617701530456543
12.220335960388184
11.718262672424316
11.423571586608887
11.377140998840332
10.859870910644531
13.041214942932129
9.899808883666992
12.288464546203613
11.386284828186035
10.917098999023438
12.055468559265137
10.304267883300781
11.676750183105469
9.247968673706055
10.422486305236816
11.10525894165039
11.326167106628418
11.132761001586914
10.334022521972656
9.879772186279297
10.253146171569824
10.293736457824707
9.850323677062988
10.17332935333252
10.958969116210938
10.420140266418457
10.98731803894043
10.2296724319458
8.835451126098633
9.867379188537598
9.50744915008545
10.527320861816406
9.756141662597656
9.687426567077637
8.914849281311035
9.388288497924805
10.470004081726074
10.28739070892334
9.623824119567871
10.025076866149902
10.274399757385254
10.281149864196777
9.609813690185547
9.398417472839355
8.689820289611816
9.877568244934082
7.7191033363342285
9.859301567077637
10.0512056350708
9.296518325805664
9.749764442443848
8.467292785644531
9.054586410522461
8.922260284423828
8.67178726196289
9.553936004638672
9.625541687011719
8.44861888885498
9.939659118652344
9.030257225036621
9.929766654968262
6.812485218048096
6.352697372436523
9.358274459838867
9.385348320007324
8.993563652038574
8.486265182495117
8.186301231384277
7.46000337600708
7.0234575271606445
7.686113357543945
8.188604354858398
8.819184303283691
7.567403793334961
8.999236106872559
6.742120265960693
8.305228233337402
8.279999732971191
6.529452800750732
9.091312408447266
9.352463722229004
7.493317604064941
8.296470642089844
7.203941345214844
7.776927471160889
7.426300048828125
6.361386775970459
8.689663887023926
7.768473148345947
7.1977033615112305
7.253421783447266
7.6591362953186035
7.579232692718506
6.756601810455322
5.608080863952637
8.428689956665039
7.680853366851807
7.5110039710998535
8.05111312866211
7.693432807922363
7.70796537399292
7.134151458740234
5.921367168426514
7.543567180633545
7.446394920349121
6.552624225616455
7.8694353103637695
6.581050872802734
6.794510841369629
6.700964450836182
5.977548599243164
7.479236602783203
7.5200419425964355
7.283705711364746
6.8474321365356445
6.372776508331299
5.2344818115234375
7.038454055786133
5.819946765899658
7.4042534828186035
7.057684421539307
6.714503765106201
6.064103126525879
6.2662553787231445
6.547683238983154
5.8321852684021
4.936637878417969
6.568470478057861
6.667025566101074
6.43533182144165
6.371949672698975
6.638298511505127
5.7370829582214355
4.7237114906311035
3.8259127140045166
6.3586225509643555
6.690047264099121
6.08805513381958
6.029828071594238
5.670422077178955
5.464515686035156
5.388577461242676
5.055309295654297
5.713674068450928
6.287944316864014
6.061337947845459
5.207542896270752
5.6190505027771
4.806426048278809
4.984745502471924
4.52088737487793
5.427098274230957
5.425058364868164
5.467543125152588
4.661975383758545
4.909609794616699
5.2659831047058105
4.706882953643799
3.690525770187378
4.983552932739258
4.690083980560303
4.4499311447143555
4.689581394195557
4.538624286651611
4.164152145385742
4.222146511077881
4.491452217102051
4.997834205627441
4.761762619018555
4.846728324890137
3.9368231296539307
3.9912736415863037
3.9692938327789307
3.842323064804077
3.4241385459899902
4.624253273010254
4.130300998687744
4.036681175231934
4.051595211029053
4.174826145172119
4.0841450691223145
3.83590030670166
3.668461561203003
4.259688377380371
4.117229461669922
3.8587429523468018
3.4596681594848633
3.6712491512298584
3.6357855796813965
3.8246853351593018
3.3188791275024414
3.754699230194092
3.6916861534118652
3.504777669906616
3.331859588623047
3.575740098953247
3.44296932220459
3.336784601211548
2.875891923904419
3.7513928413391113
3.2226595878601074
3.7001044750213623
3.4017794132232666
3.272127151489258
2.8963892459869385
3.046654462814331
2.610320806503296
3.3910250663757324
3.412261962890625
3.240417718887329
3.283703088760376
2.830594301223755
2.347377061843872
2.972261667251587
2.786407947540283
3.3009238243103027
2.90759015083313
2.963991165161133
2.794036626815796
2.767825126647949
2.698986530303955
2.532891035079956
2.449625253677368
3.0060372352600098
2.765254497528076
2.796294689178467
2.6217164993286133
2.455472230911255
2.4394924640655518
2.2420921325683594
2.590738296508789
2.5204055309295654
2.7669007778167725
2.504551410675049
2.3136744499206543
2.501657009124756
2.427462577819824
1.999407172203064
2.291121482849121
2.4769134521484375
2.4165427684783936
2.588132619857788
2.6370742321014404
2.3195242881774902
2.392703056335449
2.0705018043518066
1.996732473373413
2.5122604370117188
2.370406150817871
2.26944899559021
2.0832953453063965
2.020256757736206
1.9886152744293213
2.1403536796569824
2.028284788131714
2.370516300201416
2.414208173751831
2.2788150310516357
2.001833200454712
2.208817481994629
2.161979913711548
2.058318853378296
1.7390800714492798
2.2022740840911865
2.2299787998199463
2.111168384552002
2.0607614517211914
1.849894642829895
1.9867268800735474
2.00240421295166
1.904849886894226
2.1724424362182617
1.9932043552398682
2.053624153137207
2.2336838245391846
1.9169690608978271
2.162679433822632
2.158780097961426
1.803957462310791
2.1251556873321533
2.0324270725250244
1.97713303565979
1.9030946493148804
1.9943641424179077
1.9891571998596191
2.096237897872925
1.6973079442977905
2.061310052871704
2.1125409603118896
1.911056637763977
1.8554128408432007
1.915174126625061
2.056978702545166
1.6875710487365723
1.9228342771530151
2.2143747806549072
2.0583949089050293
1.8318980932235718
2.174060821533203
2.006687879562378
1.7929966449737549
1.739656686782837
1.6993677616119385
2.1241745948791504
2.021897792816162
2.0721092224121094
1.8859460353851318
1.995163083076477
1.845643162727356
1.9001120328903198
1.7702512741088867
2.202305555343628
1.9666517972946167
1.876430869102478
1.8770999908447266
2.092613458633423
1.912832260131836
1.8665252923965454
1.650996208190918
1.9310728311538696
1.9800901412963867
1.927804946899414
2.1766281127929688
1.9007084369659424
1.494979977607727
1.7377910614013672
1.6274094581604004
1.9686696529388428
1.953757882118225
1.926764965057373
1.7409369945526123
1.9252675771713257
2.0730602741241455
1.6205161809921265
1.9627219438552856
1.9307878017425537
1.9718419313430786
1.8573811054229736
1.9938760995864868
1.7279108762741089
1.8728114366531372
1.527496099472046
1.6278752088546753
2.059966564178467
1.9736096858978271
1.8165721893310547
1.7697795629501343
1.90031099319458
1.8706786632537842
1.6128841638565063
1.7952613830566406
2.017272710800171
1.8617762327194214
1.8565256595611572
1.9035828113555908
1.7210439443588257
1.8136656284332275
2.121346950531006
1.5324565172195435
1.81947660446167
1.7245266437530518
1.9425818920135498
1.8351165056228638
1.8368133306503296
1.9780513048171997
1.7013392448425293
1.5453357696533203
1.9264405965805054
1.8441988229751587
1.895434021949768
1.6968728303909302
1.8080788850784302
1.8344576358795166
1.7811051607131958
1.684838891029358
1.9279680252075195
1.8323043584823608
1.879061222076416
1.731176733970642
1.8897782564163208
1.5438284873962402
1.7254220247268677
1.6707459688186646
2.020514726638794
1.8090077638626099
1.6864365339279175
1.8246031999588013
1.8653031587600708
1.7189531326293945
1.6334787607192993
1.6599006652832031
1.8204755783081055
1.9386746883392334
1.7325124740600586
1.7196335792541504
1.771567702293396
1.7320376634597778
1.7411274909973145
1.6372766494750977
1.8134570121765137
1.717599630355835
1.8084385395050049
1.9348170757293701
1.9424506425857544
1.612523078918457
1.661996841430664
1.8084561824798584
1.8250467777252197
1.7794452905654907
1.7997426986694336
1.9786579608917236
1.5777453184127808
1.7158844470977783
1.6971213817596436
1.6963391304016113
1.7970051765441895
1.7670395374298096
1.7514711618423462
1.721158504486084
2.090503215789795
1.7073097229003906
1.7898350954055786
1.6553374528884888
1.848374843597412
1.856395959854126
1.7721892595291138
1.65302312374115
1.791448950767517
1.5776206254959106
1.7734670639038086
1.451004981994629
2.1564652919769287
1.7565784454345703
1.6232212781906128
1.8474843502044678
1.8952802419662476
1.5719507932662964
1.6841903924942017
1.502120852470398
1.9047226905822754
1.804394245147705
1.7257801294326782
1.8211785554885864
1.5996736288070679
1.3982112407684326
1.716575264930725
1.3095718622207642
1.8644332885742188
1.647835373878479
1.9159823656082153
1.838922142982483
1.878052830696106
1.4949790239334106
1.7893481254577637
1.998185396194458
1.8901703357696533
1.7622319459915161
1.793482780456543
1.7570252418518066
1.812825322151184
1.5987480878829956
1.7652637958526611
1.5746692419052124
1.8267977237701416
1.8636362552642822
1.9645940065383911
1.696846604347229
1.8148897886276245
1.807734727859497
1.708461880683899
1.4909124374389648
1.7386305332183838
1.7338579893112183
1.6809183359146118
1.6297873258590698
1.7022624015808105
1.6004637479782104
1.488978624343872
1.5491015911102295
1.7300442457199097
1.6046842336654663
1.6422463655471802
1.597089409828186
1.6291112899780273
1.5667794942855835
1.7506886720657349
1.777100682258606
1.7941087484359741
1.7120071649551392
1.6837711334228516
1.662184476852417
2.087125301361084
1.628324270248413
1.5073580741882324
1.4671223163604736
1.7474281787872314
1.815400242805481
1.6055947542190552
1.6143603324890137
1.6272573471069336
1.6696909666061401
1.6448023319244385
1.5803301334381104
1.7276443243026733
1.7128397226333618
1.7447168827056885
1.881909728050232
1.8024787902832031
1.3422237634658813
1.5326001644134521
1.4748756885528564
1.7604411840438843
1.9000740051269531
1.7452197074890137
1.6283347606658936
1.6796954870224
1.491255760192871
1.3985244035720825
1.5116007328033447
2.0563368797302246
1.592242956161499
1.7541879415512085
1.652894139289856
1.8402403593063354
1.6706366539001465
1.5746105909347534
1.6044483184814453
1.6876194477081299
1.6860288381576538
1.7978434562683105
1.7224700450897217
1.5453557968139648
1.584307312965393
1.8397328853607178
1.7778528928756714
1.7854541540145874
1.7002538442611694
1.6865085363388062
1.5988857746124268
1.7802684307098389
1.7794225215911865
1.4107577800750732
1.6544722318649292
1.6762442588806152
1.7807186841964722
1.6674060821533203
1.7981910705566406
1.7764922380447388
1.6113386154174805
1.4978938102722168
1.4885163307189941
1.6564812660217285
1.767699956893921
1.6041533946990967
1.5458883047103882
1.5945442914962769
1.679612636566162
1.4718706607818604
1.430214762687683
1.7195444107055664
1.6151037216186523
1.6303561925888062
1.5136322975158691
2.1427512168884277
1.7916181087493896
1.599226713180542
1.518930196762085
1.684516429901123
1.9092795848846436
1.6943570375442505
1.6052777767181396
1.5907466411590576
1.66158926486969
1.7067031860351562
1.3508238792419434
1.6984649896621704
1.69937002658844
1.4783467054367065
1.580777883529663
1.4697552919387817
1.3853464126586914
1.3962680101394653
1.6500945091247559
1.7043081521987915
1.5213892459869385
1.637320637702942
1.5440839529037476
2.0753917694091797
1.634711742401123
1.5872445106506348
1.4714505672454834
1.601674199104309
1.6663634777069092
1.591363787651062
1.9502426385879517
1.5667762756347656
1.5510438680648804
1.3795722723007202
1.319941759109497
1.9194718599319458
1.6205989122390747
1.6156039237976074
1.6991289854049683
1.7869067192077637
1.6532481908798218
1.488317847251892
1.4126347303390503
1.686521053314209
1.5822480916976929
1.6899086236953735
1.5679931640625
1.6104763746261597
1.5536980628967285
1.4084471464157104
1.45457923412323
1.5577516555786133
1.6699951887130737
1.566061019897461
1.4286305904388428
1.601436734199524
1.4714863300323486
1.5000417232513428
1.2551194429397583
1.7416452169418335
1.62008535861969
1.5307585000991821
1.5099172592163086
1.8523943424224854
1.5554547309875488
1.4931178092956543
1.450605869293213
1.674522042274475
1.5407506227493286
1.5817821025848389
1.4936844110488892
1.644681453704834
1.3646348714828491
1.4947683811187744
1.4846240282058716
1.700656533241272
1.6901540756225586
1.4926464557647705
1.653998851776123
1.5418769121170044
1.478821039199829
1.58708655834198
1.3931236267089844
1.5961354970932007
1.6639407873153687
1.6008743047714233
1.5380051136016846
1.6456482410430908
1.6047415733337402
1.4332910776138306
1.5689637660980225
1.6486936807632446
1.5763885974884033
1.4900788068771362
1.4587821960449219
1.2484831809997559
1.4988373517990112
1.6452605724334717
1.3455671072006226
1.568277359008789
1.5722671747207642
1.4947980642318726
1.5434906482696533
1.5599818229675293
1.5375144481658936
1.4485822916030884
1.4783594608306885
1.613291621208191
1.5840901136398315
1.5083980560302734
1.4341832399368286
1.6388245820999146
1.330450415611267
1.5017311573028564
1.4842242002487183
1.5529649257659912
1.5776607990264893
1.4596353769302368
1.5331463813781738
1.6349531412124634
1.2412668466567993
1.4014780521392822
1.269959568977356
1.7396186590194702
1.557480812072754
1.614131212234497
1.5677157640457153
1.4825178384780884
1.5087898969650269
1.3340471982955933
1.3230526447296143
1.6484131813049316
1.5821894407272339
1.5103774070739746
1.5089688301086426
1.4604994058609009
1.4780861139297485
1.6290639638900757
1.640807032585144
1.771196722984314
1.4370142221450806
1.4360960721969604
1.4134122133255005
1.6189146041870117
1.4459116458892822
1.4131160974502563
1.4314312934875488
1.5198198556900024
1.4522790908813477
1.57961106300354
1.4116020202636719
1.4745055437088013
1.4584758281707764
1.3816115856170654
1.4234973192214966
1.6062675714492798
1.597959280014038
1.476220726966858
1.4903371334075928
1.4414743185043335
1.411833643913269
1.3844141960144043
1.3362963199615479
1.5815831422805786
1.6441354751586914
1.5267287492752075
1.505980134010315
1.6844849586486816
1.4767769575119019
1.2869205474853516
1.3295292854309082
1.6414698362350464
1.540520191192627
1.410614252090454
1.4177978038787842
1.6311191320419312
1.4490408897399902
1.4132404327392578
1.3799405097961426
1.634202241897583
1.495827317237854
1.4615471363067627
1.6009392738342285
1.4028680324554443
1.4724738597869873
1.433717966079712
1.2914165258407593
1.5617787837982178
1.5617649555206299
1.4695546627044678
1.5179568529129028
1.3403757810592651
1.6253706216812134
1.511094570159912
1.18763267993927
1.522618293762207
1.5699137449264526
1.6184667348861694
1.4476499557495117
1.6157310009002686
1.546984314918518
1.3421947956085205
1.2469911575317383
1.4757120609283447
1.4181725978851318
1.7966958284378052
2.1746928691864014
1.4286348819732666
1.4895647764205933
1.6187337636947632
1.5454343557357788
1.5040167570114136
1.467660903930664
1.6156249046325684
1.560923457145691
1.4315754175186157
1.2568461894989014
1.4603813886642456
1.3682637214660645
1.515634298324585
1.6433287858963013
1.4701473712921143
1.6348403692245483
1.6070753335952759
1.431731939315796
1.4621944427490234
1.2374414205551147
1.5591059923171997
1.5673580169677734
1.3799365758895874
1.4471285343170166
1.337012767791748
1.2615844011306763
1.5530847311019897
1.4354709386825562
1.5421706438064575
1.4824516773223877
1.3806328773498535
1.451987385749817
1.411441683769226
1.4879063367843628
1.2359572649002075
1.1949833631515503
1.7158641815185547
1.5424765348434448
1.4454792737960815
1.6381559371948242
1.7014262676239014
1.0663583278656006
1.4709348678588867
1.4334758520126343
1.4984134435653687
1.4044500589370728
1.4741923809051514
1.484134554862976
1.3599814176559448
1.3276461362838745
1.3475285768508911
1.1775366067886353
1.5224964618682861
1.5130738019943237
1.416754126548767
1.4092274904251099
1.7198182344436646
1.315334677696228
1.3277236223220825
1.2575650215148926
1.5552517175674438
1.5297627449035645
1.3594673871994019
1.5037837028503418
1.461053490638733
1.8032234907150269
1.4783917665481567
1.187103271484375
1.5934057235717773
1.589979648590088
1.5595515966415405
1.3857680559158325
1.6586261987686157
1.5415194034576416
1.4350601434707642
1.2379624843597412
1.4420249462127686
1.6356797218322754
1.3703889846801758
1.7280890941619873
1.4041510820388794
1.3293042182922363
1.376529574394226
1.159700632095337
1.5154098272323608
1.4251829385757446
1.3936516046524048
1.5679631233215332
1.3921868801116943
1.2348952293395996
1.4581834077835083
1.5252329111099243
1.499346375465393
1.4121909141540527
1.5532461404800415
1.4592801332473755
1.647134780883789
1.4191703796386719
1.5476895570755005
1.086193561553955
1.6278678178787231
1.417988657951355
1.475593090057373
1.4468982219696045
1.4935252666473389
1.3848857879638672
1.5034127235412598
1.1944924592971802
1.5614712238311768
1.4387856721878052
1.4223631620407104
1.4183599948883057
1.3399089574813843
1.2942171096801758
1.3201459646224976
1.202113151550293
1.467711091041565
1.4143191576004028
1.4994755983352661
1.5319019556045532
1.4289880990982056
1.4021281003952026
1.2393558025360107
1.1730315685272217
1.4294215440750122
1.3066037893295288
1.3841633796691895
1.4843640327453613
1.468888759613037
1.2004965543746948
1.2336935997009277
1.194561243057251
1.4993431568145752
1.4407634735107422
1.4621050357818604
1.4027007818222046
1.3069607019424438
1.3312137126922607
1.2327947616577148
1.2152087688446045
1.423251986503601
1.5353437662124634
1.3295010328292847
1.5066347122192383
1.3678644895553589
1.3440419435501099
1.277376651763916
1.3587716817855835
1.5607372522354126
1.5495446920394897
1.2824876308441162
1.388550877571106
1.4161216020584106
1.2986817359924316
1.4507962465286255
1.2967658042907715
1.692704677581787
1.6191569566726685
1.3165498971939087
1.38747239112854
1.5781018733978271
1.4209511280059814
1.260896921157837
1.2290256023406982
1.3876773118972778
1.6202996969223022
1.33259117603302
1.369577169418335
1.2937551736831665
1.394344449043274
1.3946589231491089
1.5732160806655884
1.42957603931427
1.413623332977295
1.373640537261963
1.4923359155654907
1.423132300376892
1.4865295886993408
1.3145544528961182
1.257098913192749
1.373008131980896
1.4188652038574219
1.3779127597808838
1.2909036874771118
1.3553211688995361
1.4142043590545654
1.5014210939407349
1.3481498956680298
1.530515193939209
1.3277145624160767
1.3063969612121582
1.5815331935882568
1.3402338027954102
1.2675868272781372
1.382114291191101
1.1622250080108643
1.4647823572158813
1.3678163290023804
1.395990252494812
1.3654488325119019
1.9070374965667725
1.2020976543426514
1.2830981016159058
1.1686861515045166
1.42923903465271
1.457000494003296
1.3210113048553467
1.4129544496536255
1.7247024774551392
1.4576915502548218
1.1789354085922241
1.1145306825637817
1.503086805343628
1.4188531637191772
1.4254766702651978
1.441112756729126
1.5962613821029663
1.3914662599563599
1.5335208177566528
1.0976135730743408
34.62809753417969
32.57693862915039
30.87425422668457
34.56361389160156
32.2542610168457
29.646936416625977
30.957889556884766
28.37828826904297
31.670854568481445
28.601900100708008
27.73446273803711
28.312437057495117
26.26148796081543
21.81993293762207
24.620132446289062
21.9627628326416
26.107759475708008
25.005443572998047
21.836013793945312
21.864166259765625
18.64166259765625
19.36286735534668
17.382247924804688
17.05836296081543
20.57194709777832
20.3504581451416
19.141027450561523
18.739038467407227
19.958730697631836
16.253358840942383
16.900405883789062
15.139910697937012
17.413129806518555
17.282703399658203
15.214179039001465
14.164762496948242
14.1812744140625
14.045304298400879
13.440962791442871
12.250564575195312
13.810105323791504
14.393074035644531
13.766484260559082
12.648165702819824
11.159402847290039
12.566648483276367
10.740446090698242
10.622749328613281
35.58353805541992
34.40567398071289
35.57189178466797
30.702974319458008
32.639068603515625
30.965322494506836
29.89456558227539
23.302513122558594
32.6882209777832
28.43989372253418
28.207979202270508
25.274511337280273
28.363523483276367
28.220989227294922
28.097166061401367
21.84840965270996
25.068395614624023
24.90797996520996
23.40765380859375
25.25666046142578
21.466106414794922
20.860862731933594
19.380075454711914
18.787248611450195
19.9000244140625
20.14257049560547
18.559240341186523
17.424545288085938
16.928192138671875
17.53146743774414
17.386646270751953
16.62718391418457
18.141590118408203
16.819726943969727
15.807273864746094
13.902386665344238
14.179425239562988
13.630215644836426
12.378036499023438
12.554954528808594
14.413774490356445
13.868659973144531
13.669504165649414
12.40747356414795
12.204961776733398
12.23675537109375
10.5636625289917
12.032068252563477
12.180917739868164
12.0872802734375
11.26822280883789
11.553205490112305
11.129512786865234
10.91915225982666
11.623435974121094
8.623348236083984
11.423675537109375
11.171789169311523
11.598538398742676
11.310620307922363
11.547333717346191
10.337994575500488
8.056647300720215
8.499528884887695
10.540602684020996
10.44822883605957
10.832406997680664
10.12747859954834
10.724210739135742
8.891792297363281
10.169877052307129
8.01927661895752
10.892887115478516
10.474283218383789
10.51850700378418
9.236140251159668
10.734071731567383
8.552163124084473
9.692187309265137
9.445009231567383
10.358141899108887
10.115534782409668
10.353337287902832
9.836668968200684
9.608854293823242
8.194598197937012
9.142940521240234
6.488918781280518
10.098620414733887
9.883460998535156
10.69539737701416
8.230315208435059
9.50467300415039
8.818222045898438
7.067657470703125
6.90944766998291
9.962167739868164
9.34211540222168
10.359058380126953
8.555810928344727
8.511688232421875
8.267812728881836
7.226213455200195
7.846258163452148
8.882226943969727
9.466208457946777
8.483871459960938
8.546700477600098
8.236586570739746
7.507750511169434
8.111812591552734
7.754252910614014
8.64156436920166
8.540284156799316
7.589643955230713
7.985089302062988
8.260452270507812
6.20678186416626
6.693051815032959
7.365487575531006
8.308248519897461
8.933173179626465
7.485968589782715
8.254650115966797
8.063834190368652
7.5241169929504395
7.13645601272583
5.677881717681885
8.834826469421387
9.158055305480957
7.958858013153076
6.7154059410095215
7.869677543640137
8.02668571472168
7.832807540893555
7.1749796867370605
7.719716548919678
7.495589733123779
7.145583629608154
7.849734306335449
6.875856876373291
7.791641712188721
7.371917247772217
5.771998405456543
8.09089183807373
7.916204452514648
7.505739688873291
7.768690586090088
6.6628098487854
7.029038429260254
7.006669998168945
6.313661098480225
7.726693153381348
7.351208209991455
7.163414001464844
6.635130405426025
6.491471767425537
6.293211936950684
6.045100688934326
4.995944976806641
7.0155534744262695
7.1642231941223145
6.899327278137207
6.499425888061523
7.019740104675293
6.553321838378906
5.996312141418457
5.511867523193359
6.679934501647949
7.0322489738464355
7.158860683441162
6.232902526855469
6.0037126541137695
6.0366315841674805
5.809388160705566
5.496932029724121
6.4731268882751465
6.732391357421875
6.230602264404297
5.545582294464111
5.695123672485352
5.922944068908691
5.546220302581787
5.01361083984375
5.799316883087158
6.118915557861328
5.6889848709106445
5.948298931121826
4.678294658660889
5.471336364746094
5.1430463790893555
4.791135311126709
5.836712837219238
5.426217079162598
5.25487756729126
5.190362453460693
4.682645320892334
4.4153947830200195
4.6256208419799805
4.060999393463135
5.183623313903809
4.888657569885254
5.026725769042969
4.791343688964844
4.169134616851807
4.220739841461182
4.251546859741211
3.7214953899383545
4.762304782867432
4.77741003036499
4.741596221923828
4.127771854400635
4.312404632568359
3.3919434547424316
3.801712989807129
3.8704071044921875
4.583813190460205
4.219717025756836
4.560943603515625
4.262808799743652
3.8428070545196533
3.833430290222168
3.806260585784912
3.510637044906616
4.363610744476318
3.949967622756958
3.611696720123291
3.9645562171936035
3.7694201469421387
3.7049877643585205
3.196988821029663
3.254629373550415
3.7270970344543457
3.931758165359497
3.8660285472869873
3.571770429611206
3.5067877769470215
3.595576524734497
3.4766430854797363
3.746354818344116
3.591444969177246
3.5505099296569824
3.246699571609497
3.5103507041931152
3.144145965576172
3.308274745941162
3.3002209663391113
3.445711135864258
3.5708954334259033
3.507689952850342
3.5881314277648926
3.5046300888061523
2.9105889797210693
2.8106892108917236
2.8850088119506836
2.427168369293213
3.0522873401641846
3.329836845397949
2.9010252952575684
3.0920772552490234
2.799732208251953
2.886974334716797
3.0354785919189453
2.612241268157959
3.1110246181488037
3.0684149265289307
2.9064221382141113
2.631502628326416
2.8155224323272705
2.4120280742645264
2.4561426639556885
2.272059917449951
2.692701816558838
2.5616955757141113
2.5537312030792236
2.481121301651001
2.7517919540405273
2.3123905658721924
2.4528398513793945
1.928803563117981
2.5473697185516357
2.62837815284729
2.3519229888916016
2.507476568222046
2.343966007232666
2.234710931777954
2.362173080444336
2.4411282539367676
2.6313138008117676
2.4023094177246094
2.3229000568389893
2.3468644618988037
2.0896196365356445
2.113887310028076
2.051433563232422
1.7743020057678223
2.342919111251831
2.3389267921447754
2.2691049575805664
2.2582619190216064
2.091933012008667
2.2638983726501465
2.104703664779663
1.6119059324264526
2.150454044342041
2.158609390258789
2.1107966899871826
2.2090442180633545
1.9178723096847534
2.0826704502105713
1.7635928392410278
1.767940640449524
2.2966256141662598
2.0417404174804688
2.1953859329223633
2.142292022705078
2.429563045501709
1.8659223318099976
1.9644831418991089
1.8338042497634888
2.1606955528259277
2.165308952331543
2.086690664291382
2.094482660293579
2.150721788406372
1.9104340076446533
1.9298274517059326
1.6127040386199951
2.109149932861328
2.1062939167022705
1.9261300563812256
1.943474531173706
1.8832582235336304
1.971112608909607
2.077812910079956
1.829241156578064
2.0618584156036377
1.9752886295318604
1.9354051351547241
2.029545545578003
1.9692784547805786
1.9682453870773315
1.9719904661178589
1.6479469537734985
2.019627332687378
1.9462496042251587
1.8574162721633911
2.069103479385376
2.085599660873413
2.003854513168335
2.1617348194122314
1.5807652473449707
2.0121407508850098
1.9501795768737793
1.8593838214874268
1.7951053380966187
1.9873241186141968
1.6890567541122437
2.0384693145751953
1.7838093042373657
2.0891029834747314
2.031980514526367
1.986838459968567
1.949508786201477
2.051588773727417
1.7077860832214355
1.8851767778396606
1.8069370985031128
2.0158958435058594
1.9213334321975708
1.968406081199646
1.7592142820358276
1.895726203918457
1.8538535833358765
2.126734972000122
1.7544589042663574
1.9331036806106567
1.7878270149230957
1.8771003484725952
1.7168524265289307
1.9784841537475586
1.6866942644119263
1.7576863765716553
1.64023756980896
2.0030481815338135
1.8629398345947266
1.9850480556488037
1.913280963897705
1.7802600860595703
1.8447116613388062
1.8323216438293457
1.6001355648040771
1.85199773311615
1.9907774925231934
1.8012570142745972
1.838588833808899
1.8628507852554321
2.015933036804199
1.7474563121795654
1.8469510078430176
1.9223120212554932
1.9255406856536865
1.8274741172790527
1.745052456855774
1.4780747890472412
1.4344804286956787
1.656754493713379
1.7316527366638184
1.863957166671753
1.9474928379058838
1.8374884128570557
1.687549352645874
1.9301177263259888
1.6511813402175903
1.6762129068374634
1.667495846748352
1.876585602760315
1.7471073865890503
1.6741338968276978
1.693368673324585
1.7274067401885986
1.3795826435089111
1.714492917060852
1.8049393892288208
1.8560945987701416
1.8024346828460693
1.7204256057739258
1.6927193403244019
1.6956310272216797
1.8457711935043335
1.6399556398391724
1.6009020805358887
1.7981288433074951
1.771463394165039
1.5949727296829224
1.8502638339996338
1.7324495315551758
1.729570746421814
1.4879790544509888
1.5057159662246704
2.0315330028533936
1.7513796091079712
1.808695673942566
1.634194016456604
1.5287951231002808
1.6772181987762451
1.5876537561416626
1.4482287168502808
1.806165337562561
1.6954264640808105
1.7387992143630981
1.7073415517807007
1.6212044954299927
1.8000874519348145
1.6128780841827393
1.9329445362091064
1.7862681150436401
1.7545242309570312
1.7551418542861938
1.9036351442337036
1.6233558654785156
1.564442753791809
1.7421917915344238
1.6189115047454834
1.8876076936721802
1.8561350107192993
1.75979483127594
1.6910626888275146
1.7546225786209106
1.6609009504318237
1.5731056928634644
1.4491183757781982
1.723096251487732
1.745863914489746
1.6887321472167969
32.00373077392578
30.94660186767578
30.950241088867188
29.506589889526367
28.429515838623047
27.625595092773438
26.950359344482422
26.31523895263672
26.799890518188477
25.787755966186523
23.88705062866211
27.167011260986328
27.382843017578125
24.831830978393555
23.904132843017578
24.758018493652344
23.251218795776367
22.804250717163086
20.95623779296875
15.572976112365723
21.810365676879883
19.06949234008789
21.669532775878906
20.819429397583008
20.534832000732422
18.410585403442383
18.35787582397461
18.512115478515625
19.258304595947266
17.059389114379883
14.29257583618164
16.060606002807617
17.483285903930664
17.282852172851562
16.812484741210938
16.694725036621094
16.228960037231445
14.029414176940918
15.40499210357666
13.796265602111816
14.377768516540527
13.56842041015625
13.305686950683594
13.386959075927734
14.636777877807617
14.447319030761719
13.66980266571045
13.347732543945312
12.08671760559082
12.370073318481445
11.597735404968262
11.950151443481445
12.059966087341309
11.136507034301758
12.207300186157227
12.7291259765625
12.377367973327637
12.656553268432617
11.65023136138916
11.339622497558594
10.526836395263672
10.65903091430664
32.770729064941406
31.971466064453125
31.879871368408203
30.890790939331055
29.582231521606445
30.062419891357422
28.586381912231445
26.895803451538086
26.74814224243164
27.49462890625
26.01753807067871
26.62211036682129
22.702733993530273
23.553823471069336
21.405141830444336
22.391029357910156
22.233234405517578
20.936487197875977
19.853242874145508
22.95351219177246
22.559940338134766
21.040163040161133
21.020702362060547
20.132410049438477
18.567272186279297
18.160825729370117
18.158451080322266
15.79311752319336
16.827491760253906
15.19323444366455
16.09351348876953
14.231411933898926
12.296314239501953
13.438892364501953
11.728056907653809
13.123987197875977
12.603056907653809
12.792410850524902
15.166257858276367
14.631948471069336
13.933794021606445
13.848281860351562
13.069244384765625
12.364009857177734
12.966277122497559
12.478671073913574
11.813203811645508
12.721497535705566
9.959976196289062
11.002860069274902
10.238348960876465
8.809329986572266
10.710346221923828
9.101717948913574
10.133553504943848
9.868958473205566
10.144780158996582
11.745983123779297
11.725083351135254
10.760591506958008
11.518301963806152
10.993008613586426
11.423002243041992
10.392178535461426
10.228925704956055
9.749320030212402
10.636734008789062
10.173632621765137
10.155909538269043
8.95595645904541
10.461418151855469
9.031606674194336
9.221134185791016
9.535517692565918
9.193929672241211
8.320029258728027
10.981508255004883
10.480206489562988
10.109516143798828
10.41066837310791
10.102215766906738
9.925618171691895
10.411187171936035
9.349397659301758
8.45616340637207
9.211261749267578
9.685002326965332
9.07853889465332
9.472028732299805
8.896893501281738
8.44583511352539
7.8278632164001465
8.445034980773926
8.340225219726562
8.949575424194336
10.061457633972168
10.015592575073242
9.757255554199219
10.194140434265137
9.04739761352539
9.582257270812988
8.488539695739746
8.307578086853027
8.424969673156738
8.554672241210938
7.8616814613342285
7.8763427734375
8.072551727294922
6.275211811065674
6.929582595825195
32.74683380126953
34.328773498535156
34.293087005615234
32.74281692504883
33.58469772338867
32.70186233520508
29.948148727416992
31.502779006958008
29.96765899658203
27.877382278442383
27.28188705444336
26.32863998413086
27.78420639038086
25.958955764770508
23.90669822692871
23.914684295654297
20.424571990966797
21.499652862548828
20.95231819152832
22.306652069091797
20.689558029174805
23.561809539794922
22.716907501220703
21.59407615661621
21.294002532958984
19.841779708862305
19.910757064819336
18.04308319091797
16.695528030395508
16.866371154785156
17.857419967651367
15.359702110290527
16.613693237304688
14.30615520477295
13.37425422668457
14.539423942565918
13.891288757324219
13.599395751953125
12.79222583770752
12.885533332824707
11.127616882324219
14.161337852478027
14.208508491516113
12.911527633666992
12.737053871154785
11.885930061340332
11.536335945129395
12.302810668945312
10.8197660446167
10.804594039916992
10.266663551330566
10.115966796875
9.21514892578125
9.70337200164795
9.00564956665039
9.341104507446289
8.198126792907715
8.656983375549316
8.904854774475098
9.664660453796387
8.406928062438965
10.452986717224121
10.02807331085205
9.92046070098877
10.1189546585083
9.584620475769043
9.809128761291504
9.229089736938477
9.401107788085938
8.495123863220215
8.756904602050781
9.482263565063477
8.88150405883789
7.887546539306641
9.227412223815918
6.4544596672058105
8.27893352508545
8.78382682800293
7.956753730773926
8.417499542236328
7.349091529846191
9.373537063598633
9.527083396911621
9.11843490600586
9.251794815063477
8.42658519744873
8.681719779968262
9.265735626220703
8.436829566955566
7.621865749359131
7.938063621520996
8.185665130615234
7.7333879470825195
7.581257343292236
7.635637283325195
7.953982830047607
7.16176700592041
6.582708835601807
6.877171993255615
7.483941078186035
7.4067606925964355
8.814346313476562
8.592092514038086
8.020965576171875
8.18139934539795
8.014814376831055
7.787511825561523
7.584924697875977
7.637204647064209
7.019043922424316
7.712106227874756
7.74940824508667
7.426794528961182
6.473386764526367
6.932941913604736
5.62831974029541
6.720544338226318
7.414532661437988
6.797926902770996
7.016411781311035
5.800527572631836
8.05655574798584
8.012679100036621
7.048056602478027
7.732382297515869
7.0767083168029785
7.299211025238037
7.161336898803711
6.602809906005859
6.950262546539307
6.7754411697387695
7.658257484436035
6.2234907150268555
6.420372486114502
6.103225231170654
4.723175525665283
5.818233013153076
5.285603046417236
6.303563594818115
5.5125908851623535
5.819384574890137
7.14400577545166
6.9769816398620605
7.095174312591553
6.9031476974487305
6.876927375793457
6.456582546234131
6.92026948928833
6.384374141693115
5.644462585449219
6.246011734008789
5.849150657653809
5.434436321258545
5.484423637390137
5.8560614585876465
5.523227214813232
5.238148212432861
5.643369197845459
5.394153594970703
5.383713722229004
5.514883995056152
6.545650959014893
6.387011528015137
6.003940105438232
6.130746841430664
5.907859802246094
5.7196574211120605
5.646503925323486
5.232210159301758
5.184450149536133
5.699373722076416
5.320284366607666
5.482011795043945
4.724351406097412
4.652562141418457
3.957963228225708
4.037541389465332
5.350843906402588
4.810400009155273
4.650632858276367
4.102172374725342
5.274480819702148
5.18725061416626
5.163753986358643
5.1483635902404785
4.903695583343506
4.788259506225586
5.168338298797607
4.4691643714904785
4.595091342926025
4.738558292388916
4.149517059326172
4.01936149597168
4.194681167602539
4.061838626861572
3.840538263320923
4.166313648223877
3.8673088550567627
4.086045742034912
4.013715744018555
4.096911907196045
4.421987056732178
4.419637680053711
4.394395351409912
4.491009712219238
4.162191867828369
4.177340030670166
4.137969493865967
3.949948310852051
3.679696798324585
3.869433879852295
4.021307945251465
3.7280898094177246
3.642946243286133
3.3629367351531982
2.8812973499298096
2.9784045219421387
3.347238063812256
3.30983829498291
3.3181312084198
3.256659746170044
3.832324981689453
3.8581531047821045
3.577502489089966
3.6016793251037598
3.2399630546569824
3.2850797176361084
3.3955953121185303
3.0684618949890137
3.3216004371643066
3.317842483520508
3.044956922531128
2.8231921195983887
2.891112804412842
2.6128954887390137
2.657548427581787
2.949711322784424
2.638328790664673
3.1042416095733643
2.6604909896850586
2.672152280807495
3.1308295726776123
3.0741679668426514
3.0109193325042725
2.999546766281128
2.9201571941375732
2.7413136959075928
2.844282865524292
2.5647952556610107
2.5492160320281982
2.600147247314453
2.5991835594177246
2.3424010276794434
2.437685489654541
2.319206476211548
1.8714503049850464
2.317363739013672
2.4764974117279053
2.352951765060425
2.21390962600708
2.268664836883545
2.6623315811157227
2.537984848022461
2.514878749847412
2.5000996589660645
2.394498825073242
2.388533115386963
2.490185499191284
2.3093502521514893
2.2719032764434814
2.254915714263916
2.3428244590759277
2.3489527702331543
2.1870970726013184
2.1254639625549316
2.0958244800567627
1.878273606300354
2.1566429138183594
1.9891682863235474
2.0609374046325684
1.9645452499389648
2.4574313163757324
2.2796061038970947
2.199042558670044
2.2960522174835205
2.0872280597686768
2.0711779594421387
2.158428430557251
1.9554356336593628
1.9008221626281738
2.070488929748535
2.035513401031494
2.0963399410247803
1.9546922445297241
1.79996657371521
1.9495410919189453
1.8051555156707764
1.9389679431915283
1.7665455341339111
1.8970986604690552
1.8438177108764648
2.054612159729004
2.0704853534698486
2.0583064556121826
2.056246042251587
1.9769368171691895
2.048902750015259
1.9721006155014038
1.9253835678100586
1.872791051864624
1.9129897356033325
1.8137242794036865
1.8698900938034058
1.9249076843261719
1.5216987133026123
1.826364278793335
1.6224960088729858
1.8375375270843506
1.7695404291152954
1.8476418256759644
1.8592456579208374
2.063478946685791
1.9584290981292725
1.9467660188674927
1.987272024154663
1.8200677633285522
1.8940739631652832
1.826825737953186
1.7207674980163574
1.8467800617218018
1.97913658618927
2.0597493648529053
1.5817726850509644
1.6703099012374878
1.4668887853622437
1.708528757095337
1.5654538869857788
1.895604133605957
1.6370872259140015
1.8067834377288818
1.7727948427200317
1.9497020244598389
1.9070377349853516
1.858338475227356
1.8841886520385742
1.8777413368225098
1.861424446105957
1.8627712726593018
1.686269998550415
1.7436970472335815
1.7081999778747559
1.7113972902297974
1.7245814800262451
1.7337079048156738
1.5753569602966309
1.7749220132827759
1.590211272239685
1.687070369720459
1.6225236654281616
1.7180209159851074
1.7242920398712158
1.9210971593856812
1.9392043352127075
1.8927812576293945
1.8289909362792969
1.8312132358551025
1.7026433944702148
1.7489285469055176
1.656134843826294
1.6570940017700195
1.7498036623001099
1.7603185176849365
1.8058336973190308
1.6193302869796753
1.4945645332336426
1.7706210613250732
1.4733437299728394
1.6635721921920776
1.6473592519760132
1.7044950723648071
1.6485564708709717
1.869973063468933
1.8208699226379395
1.7532007694244385
1.7626457214355469
1.727028250694275
1.629953384399414
1.6591260433197021
1.5844857692718506
1.7278892993927002
1.770617961883545
1.6334704160690308
1.6924532651901245
1.5836349725723267
1.7325358390808105
1.297284722328186
1.5291593074798584
1.6846938133239746
1.5009338855743408
1.5756187438964844
1.5806403160095215
1.8858842849731445
1.76158607006073
1.6771515607833862
1.7160392999649048
1.5952643156051636
1.6972203254699707
1.6384459733963013
1.6624295711517334
1.6665165424346924
1.8617115020751953
1.6031203269958496
1.764833927154541
1.5882917642593384
1.4899739027023315
1.389639973640442
1.4147634506225586
1.4911437034606934
1.5497069358825684
1.6067343950271606
1.5704528093338013
1.7354844808578491
1.8017518520355225
1.7346686124801636
1.6482129096984863
1.7049949169158936
1.621032953262329
1.6881946325302124
1.4936963319778442
1.5835453271865845
1.5579158067703247
1.51212739944458
1.6324939727783203
1.4979182481765747
1.4713393449783325
1.524610996246338
1.5570194721221924
1.6323679685592651
1.4465556144714355
1.551613211631775
1.465840458869934
1.710929036140442
1.6530020236968994
1.6462196111679077
1.6917535066604614
1.4967198371887207
1.5224635601043701
1.6222920417785645
1.5539076328277588
1.5493249893188477
1.5865243673324585
1.6073487997055054
1.5650595426559448
1.5044758319854736
1.4141160249710083
1.2165758609771729
1.317068099975586
1.587812900543213
1.432722568511963
1.5009862184524536
1.4860395193099976
1.697757601737976
1.7338974475860596
1.6697087287902832
1.609555959701538
1.6474648714065552
1.6420165300369263
1.5722914934158325
1.457350254058838
1.4948111772537231
1.664580225944519
1.5980198383331299
1.7900733947753906
1.5681883096694946
1.5084552764892578
1.7022007703781128
1.4982383251190186
1.4606528282165527
1.4139251708984375
1.358256459236145
1.4017757177352905
1.6730897426605225
1.5950241088867188
1.598258137702942
1.6038209199905396
1.5847026109695435
1.5594829320907593
1.6095222234725952
1.4789469242095947
1.4903684854507446
1.5413594245910645
1.4751421213150024
1.6184263229370117
1.448517084121704
1.5682417154312134
1.4394094944000244
1.5527693033218384
1.2769486904144287
1.3777363300323486
1.4890339374542236
1.5415247678756714
1.7350940704345703
1.5920542478561401
1.6190975904464722
1.5748621225357056
1.5054230690002441
1.4671800136566162
1.49295973777771
1.4585824012756348
1.5431950092315674
1.6438157558441162
1.5621370077133179
1.4448906183242798
1.4238895177841187
1.2397221326828003
1.3721914291381836
1.5244704484939575
1.3625116348266602
1.4284862279891968
1.4825444221496582
1.3498378992080688
1.6622576713562012
1.5456948280334473
1.546532154083252
1.5608378648757935
1.6368024349212646
1.461024522781372
1.4558337926864624
1.387341856956482
1.479990005493164
1.4079872369766235
1.7058743238449097
1.629441738128662
1.4561078548431396
1.1818122863769531
1.4437075853347778
1.3988038301467896
1.4417500495910645
1.3661987781524658
1.506537675857544
1.3813406229019165
1.683237075805664
1.5614285469055176
1.6714162826538086
1.5669116973876953
1.4991178512573242
1.4499680995941162
1.5650370121002197
1.4283603429794312
1.5579547882080078
1.5879180431365967
1.500504970550537
1.325963020324707
1.3999556303024292
1.3567085266113281
1.4837285280227661
1.6230835914611816
1.2668260335922241
1.347146987915039
1.3603883981704712
1.4025464057922363
1.640360713005066
1.497789740562439
1.5813813209533691
1.5493592023849487
1.3566546440124512
1.489925742149353
1.4256000518798828
1.4261629581451416
1.4738529920578003
1.5802396535873413
1.76207435131073
1.4689117670059204
1.3487625122070312
1.4227513074874878
1.4145828485488892
1.2317074537277222
1.3721340894699097
1.4650081396102905
1.3411024808883667
1.4223929643630981
1.6059290170669556
1.5696144104003906
1.5176314115524292
1.4623433351516724
1.541482925415039
1.4835963249206543
1.471474289894104
1.3618062734603882
1.432695984840393
1.508286476135254
1.3793264627456665
1.3346638679504395
1.4335594177246094
1.3134247064590454
1.1327046155929565
1.3781768083572388
1.4366428852081299
1.2647638320922852
1.3011438846588135
1.2935863733291626
1.582558274269104
1.6304353475570679
1.4756627082824707
1.5363563299179077
1.4500126838684082
1.3965586423873901
1.4728143215179443
1.3905788660049438
1.532536268234253
1.3808094263076782
1.4709192514419556
1.5915316343307495
1.396126389503479
1.26432204246521
1.156670093536377
1.1766793727874756
1.3530604839324951
1.3238776922225952
1.3897587060928345
1.257261872291565
1.530822992324829
1.5841196775436401
1.4684752225875854
1.6116445064544678
1.4165427684783936
1.467559576034546
1.380201816558838
1.3584113121032715
1.3686394691467285
1.561346411705017
1.4297773838043213
1.4135627746582031
1.2812868356704712
1.384515643119812
1.3246262073516846
1.2919161319732666
1.4465017318725586
1.2986520528793335
1.3179529905319214
1.3271448612213135
1.4969276189804077
1.4997856616973877
1.5667353868484497
1.4449974298477173
1.4148272275924683
1.3755682706832886
1.3622446060180664
1.3236701488494873
1.3826549053192139
1.3431473970413208
1.4671478271484375
1.4359062910079956
1.394863486289978
1.2235422134399414
1.3430100679397583
1.2283356189727783
1.2878319025039673
1.2801787853240967
1.3693429231643677
1.231008768081665
1.626031756401062
1.4859447479248047
1.4820666313171387
1.4696272611618042
1.4199994802474976
1.392662763595581
1.3993582725524902
1.3738882541656494
1.4832490682601929
1.5261164903640747
1.3354169130325317
1.5022310018539429
1.3272134065628052
1.3232500553131104
1.1335915327072144
1.2319939136505127
1.3864161968231201
1.2616832256317139
1.3250871896743774
1.4600032567977905
1.500308871269226
1.4297963380813599
1.5118399858474731
1.48348069190979
1.431760311126709
1.3625690937042236
1.3832842111587524
1.2832536697387695
1.3871277570724487
1.4176149368286133
1.3822894096374512
1.4402790069580078
1.3912665843963623
1.355851173400879
1.048301339149475
1.2765111923217773
1.3825101852416992
1.1994446516036987
1.3536750078201294
1.2401936054229736
1.6160955429077148
1.4430787563323975
1.458426833152771
1.4478036165237427
1.3555947542190552
1.3478623628616333
1.3815765380859375
1.3564426898956299
1.4320658445358276
1.4943536520004272
1.4547715187072754
1.3503934144973755
1.2514522075653076
1.2806559801101685
1.346758484840393
1.1383475065231323
1.338318109512329
1.173020362854004
1.2396513223648071
1.2569929361343384
1.5745021104812622
1.3886346817016602
1.447228193283081
1.4501781463623047
1.4272780418395996
1.3641284704208374
1.315032958984375
1.2683508396148682
1.4310382604599
1.3941153287887573
1.281928300857544
1.406187653541565
1.2658214569091797
1.1705790758132935
1.2468647956848145
1.1176815032958984
1.2783393859863281
1.1870115995407104
1.312986135482788
1.1801085472106934
1.481391191482544
1.4042396545410156
1.430044174194336
1.3652827739715576
1.4460328817367554
1.3045029640197754
1.4255187511444092
1.267227053642273
1.2674407958984375
1.3639030456542969
1.3511781692504883
1.4836559295654297
1.362458348274231
1.2005475759506226
1.1202983856201172
1.2293251752853394
1.3298311233520508
1.1961641311645508
1.2270458936691284
1.14231538772583
1.482666254043579
1.3982893228530884
1.3783745765686035
1.3973346948623657
1.3656060695648193
1.32512366771698
1.418343186378479
1.3204444646835327
1.2902324199676514
1.3580656051635742
1.3709765672683716
1.3240147829055786
1.2893941402435303
1.3611003160476685
1.229154348373413
1.2976776361465454
1.2591913938522339
1.2221823930740356
1.1237218379974365
1.2816286087036133
1.5339592695236206
1.4015675783157349
1.4092285633087158
1.426742672920227
1.26900315284729
1.3277299404144287
1.2816721200942993
1.2738001346588135
1.3019367456436157
1.3370018005371094
1.5040923357009888
1.2646238803863525
1.2172157764434814
1.043998122215271
1.105998158454895
1.2483619451522827
1.253801703453064
1.2688392400741577
1.1948100328445435
1.1584274768829346
33.49867248535156
33.17477035522461
32.07088851928711
32.543575286865234
31.713430404663086
28.864843368530273
31.69772720336914
27.78831672668457
26.076730728149414
28.33475685119629
23.453187942504883
26.340049743652344
23.787839889526367
22.655046463012695
21.74494171142578
22.6716365814209
21.029159545898438
20.075233459472656
20.603975296020508
17.803518295288086
22.392745971679688
21.853429794311523
20.759916305541992
20.565343856811523
19.53990936279297
19.252235412597656
18.100900650024414
17.665815353393555
17.813491821289062
17.18577766418457
17.3537654876709
16.60624885559082
15.308119773864746
15.478818893432617
11.8888578414917
12.375031471252441
14.164664268493652
13.38526439666748
13.479835510253906
13.49389934539795
15.098994255065918
14.476176261901855
13.772849082946777
13.997132301330566
12.98940658569336
13.012847900390625
13.720211029052734
12.351332664489746
11.069476127624512
11.907655715942383
11.67650318145752
11.912725448608398
11.243254661560059
10.270962715148926
8.934569358825684
10.689814567565918
10.284919738769531
10.366446495056152
10.690298080444336
9.437313079833984
11.97762680053711
12.140085220336914
11.612710952758789
11.510586738586426
10.887187957763672
11.141972541809082
10.858407020568848
11.065093040466309
10.430968284606934
10.973980903625488
9.38821029663086
10.059792518615723
9.669193267822266
8.857200622558594
8.954269409179688
8.00181770324707
9.128143310546875
9.097911834716797
9.386147499084473
8.657057762145996
11.09585952758789
10.567595481872559
10.676504135131836
10.832965850830078
10.312154769897461
9.950235366821289
10.541523933410645
9.929239273071289
8.587636947631836
9.189653396606445
9.488359451293945
8.693926811218262
9.016152381896973
8.6398286819458
6.501075744628906
8.873461723327637
8.477341651916504
8.330253601074219
9.555851936340332
8.106369018554688
10.253746032714844
9.90599250793457
9.903290748596191
9.843430519104004
8.92590045928955
9.031559944152832
8.571944236755371
8.857135772705078
8.488316535949707
9.023154258728027
8.555115699768066
8.628697395324707
8.14765739440918
7.987749099731445
7.763728141784668
6.6225433349609375
7.7452712059021
8.47531795501709
7.4905195236206055
7.120051860809326
9.499114036560059
9.487339973449707
8.832672119140625
8.770934104919434
8.461868286132812
8.240074157714844
8.295315742492676
7.686906337738037
7.523236274719238
8.00667953491211
8.123577117919922
7.479072570800781
8.300399780273438
8.195575714111328
7.103013038635254
7.088966369628906
6.78955602645874
6.910998821258545
7.167534351348877
7.462912559509277
8.443336486816406
8.426002502441406
8.051841735839844
8.307188034057617
7.9797444343566895
7.607347011566162
8.058531761169434
7.227438449859619
7.242275714874268
7.235828876495361
7.124643325805664
6.468193054199219
6.538923263549805
6.446751117706299
5.191473960876465
6.784302234649658
5.163132667541504
6.468568325042725
6.120410442352295
5.78875732421875
7.581066608428955
7.525684833526611
7.1082587242126465
7.183966636657715
6.441660404205322
6.839105129241943
7.108402729034424
5.681719779968262
6.035924434661865
6.227474212646484
6.185548782348633
6.300110340118408
5.7421555519104
4.733291149139404
5.8241095542907715
4.71415901184082
5.740067005157471
5.842416286468506
5.534453868865967
6.125081539154053
6.559856414794922
6.410716533660889
6.114652633666992
6.25622034072876
5.9598469734191895
5.880796432495117
5.776611328125
5.363739013671875
5.609767436981201
5.307809829711914
5.793790817260742
4.693281650543213
5.01862907409668
4.507693767547607
5.021618366241455
4.982812404632568
4.709136486053467
4.665560722351074
5.1012139320373535
4.641561985015869
5.491513252258301
5.145416259765625
5.251633644104004
4.987170219421387
4.96827507019043
5.089456081390381
4.663613319396973
4.1832756996154785
4.696186542510986
4.369817733764648
4.643693447113037
3.8397350311279297
3.98571515083313
3.7402358055114746
4.157155513763428
3.9020087718963623
4.139664173126221
3.951343297958374
4.036370277404785
4.01401424407959
4.421013355255127
4.624755382537842
4.414617538452148
4.435403347015381
4.194777011871338
4.203904151916504
4.103918552398682
4.12235164642334
3.8866689205169678
3.509791374206543
3.8639724254608154
3.798454523086548
3.587421417236328
3.354391574859619
2.6637516021728516
3.0899691581726074
3.1780552864074707
3.0612945556640625
2.966169595718384
3.052851915359497
3.748314142227173
3.5441675186157227
3.4324419498443604
3.543004035949707
3.340022087097168
3.3317675590515137
3.0111677646636963
3.0261988639831543
3.05588436126709
3.384934186935425
3.229494094848633
2.8993935585021973
2.846513032913208
2.7450525760650635
2.7970705032348633
2.509016990661621
2.955930471420288
2.6123743057250977
2.6990163326263428
2.53873348236084
2.9839346408843994
3.05161714553833
2.7932050228118896
3.0332748889923096
2.895890474319458
2.7065372467041016
2.918738603591919
2.6867263317108154
2.658998727798462
2.640519618988037
2.4628548622131348
2.430896043777466
2.546293020248413
2.2980599403381348
1.920859456062317
2.383897066116333
2.201870918273926
2.1600449085235596
2.3435561656951904
2.1325552463531494
2.622234582901001
2.5459556579589844
2.4549779891967773
2.4656176567077637
2.3631484508514404
2.306694984436035
2.3365731239318848
2.1533544063568115
2.1971511840820312
2.24314546585083
2.1475818157196045
2.1424221992492676
2.197506904602051
2.036513566970825
1.7340065240859985
2.1726949214935303
1.9994789361953735
2.0394222736358643
1.8830437660217285
2.0653793811798096
2.3163578510284424
2.2267794609069824
2.255575180053711
2.270869016647339
2.147341251373291
2.147982120513916
2.08805251121521
1.9736157655715942
2.0084807872772217
2.1332223415374756
2.1140284538269043
2.018338203430176
2.04868221282959
1.8774900436401367
1.9372570514678955
1.724465250968933
1.9888877868652344
1.8158868551254272
1.9646470546722412
1.7387926578521729
2.1840898990631104
2.085726499557495
2.0575623512268066
2.0136308670043945
2.058809518814087
1.843137502670288
1.9354013204574585
1.8042932748794556
1.948539137840271
1.962015986442566
1.9003864526748657
1.7640011310577393
1.771956443786621
1.786482572555542
1.5331218242645264
1.717331051826477
1.7897430658340454
1.6668179035186768
1.7729005813598633
1.6406482458114624
2.0258727073669434
1.974725365638733
1.981844425201416
2.023662567138672
1.8559931516647339
1.942674994468689
1.9435603618621826
1.8235481977462769
1.8020817041397095
1.9132453203201294
1.9686297178268433
1.910138487815857
1.7189533710479736
1.7188525199890137
1.7738927602767944
1.5551618337631226
1.7538394927978516
1.6712405681610107
1.7080655097961426
1.8883987665176392
1.999445915222168
1.9868649244308472
1.9511739015579224
1.8518718481063843
1.830751895904541
1.809083104133606
1.842110514640808
1.6510190963745117
1.7818459272384644
1.729790449142456
2.0089869499206543
1.9138506650924683
1.698161244392395
1.684847116470337
1.7759326696395874
1.6663358211517334
1.8401949405670166
1.8560374975204468
1.7306054830551147
1.767438292503357
1.990494966506958
1.916555643081665
1.8258439302444458
1.9310588836669922
1.8276245594024658
1.685908317565918
1.7886571884155273
1.739425778388977
1.733087182044983
1.7936375141143799
1.6774452924728394
1.610627293586731
1.599778413772583
1.7120610475540161
1.3695580959320068
1.5033316612243652
1.6352373361587524
1.5788440704345703
1.525468111038208
1.525681495666504
1.8747129440307617
1.7869501113891602
1.7944220304489136
1.806961178779602
1.6804288625717163
1.6816177368164062
1.7073975801467896
1.5865490436553955
1.6439024209976196
1.8025671243667603
1.7521685361862183
1.8483171463012695
1.6936330795288086
1.678005576133728
1.7339510917663574
1.6348587274551392
1.5936164855957031
1.5598584413528442
1.616653323173523
1.6649179458618164
1.9287060499191284
1.7980109453201294
1.7850788831710815
1.7763187885284424
1.836708426475525
1.6544512510299683
1.7463469505310059
1.6451869010925293
1.6940727233886719
1.711121916770935
1.7614264488220215
1.6487776041030884
1.6156871318817139
1.5817240476608276
1.4120392799377441
1.5268261432647705
1.6818815469741821
1.629148244857788
1.5978058576583862
1.6036813259124756
1.7996535301208496
1.7986578941345215
1.6720820665359497
1.7247339487075806
1.743043303489685
1.620213270187378
1.706756353378296
1.651251196861267
1.570746660232544
1.6780717372894287
1.662214994430542
1.8064701557159424
1.5653352737426758
1.6056039333343506
1.6086630821228027
1.6332838535308838
1.557450294494629
1.5811045169830322
1.488435983657837
1.457915186882019
1.8198806047439575
1.7456676959991455
1.780288815498352
1.6580440998077393
1.7190340757369995
1.6333264112472534
1.562225341796875
1.6821907758712769
1.622261881828308
1.6846321821212769
1.6998881101608276
1.639855146408081
1.5172924995422363
1.3707588911056519
1.5295202732086182
1.4017295837402344
1.527890682220459
1.5414279699325562
1.5364962816238403
1.6846683025360107
1.7306885719299316
1.6594749689102173
1.6693699359893799
1.596125602722168
1.6879044771194458
1.5646874904632568
1.582704782485962
1.5673201084136963
1.570003867149353
1.683196783065796
1.612878441810608
1.6196659803390503
1.540285348892212
1.5744742155075073
1.553897738456726
1.6171241998672485
1.5234390497207642
1.4030566215515137
1.4563677310943604
1.453993797302246
1.8607219457626343
1.677146077156067
1.7440071105957031
1.6976360082626343
1.541827917098999
1.611740231513977
1.5729762315750122
1.4779990911483765
1.5195335149765015
1.6635944843292236
1.7171934843063354
1.6524384021759033
1.4629671573638916
1.3101993799209595
1.5242451429367065
1.307423710823059
1.4574824571609497
1.5343278646469116
1.476778268814087
1.610149621963501
1.7307246923446655
1.5968055725097656
1.6764525175094604
1.6692503690719604
1.6337848901748657
1.5504755973815918
1.5737547874450684
1.4676672220230103
1.4677979946136475
1.6026145219802856
1.5513503551483154
1.6896010637283325
1.4084550142288208
1.4696248769760132
1.5036324262619019
1.320483684539795
1.462232232093811
1.3170546293258667
1.482695460319519
1.4986093044281006
1.7444909811019897
1.5886304378509521
1.6685223579406738
1.5492302179336548
1.5574536323547363
1.591415286064148
1.5412020683288574
