75.78004455566406
72.96983337402344
73.5312271118164
66.05643463134766
62.28558349609375
62.202022552490234
65.86245727539062
60.433753967285156
68.98825073242188
69.93035888671875
59.947486877441406
62.13069534301758
56.80900573730469
51.44485855102539
49.17656707763672
42.63021469116211
54.401878356933594
54.50576400756836
50.857791900634766
52.997901916503906
47.362491607666016
44.06968307495117
44.33124542236328
35.24093246459961
47.10912322998047
43.8746452331543
41.54386520385742
38.096099853515625
39.5534782409668
38.94102478027344
37.66387176513672
29.81012725830078
36.44972229003906
36.09497833251953
33.941917419433594
34.057621002197266
31.012393951416016
29.354644775390625
29.42542266845703
24.955820083618164
31.426002502441406
31.21031379699707
32.15016555786133
26.948822021484375
26.075979232788086
28.871604919433594
27.695173263549805
20.768339157104492
28.72957992553711
27.18658447265625
26.664608001708984
25.5200252532959
26.179336547851562
21.829158782958984
25.67758560180664
21.31686019897461
23.826702117919922
24.550926208496094
24.92597007751465
24.531885147094727
25.721458435058594
24.24163818359375
23.93370246887207
19.588491439819336
23.83927345275879
22.784305572509766
25.046884536743164
21.661575317382812
21.926589965820312
18.144927978515625
24.900169372558594
19.194801330566406
23.440292358398438
23.981611251831055
23.011150360107422
22.704090118408203
21.446414947509766
22.055377960205078
23.61789894104004
19.380802154541016
22.533803939819336
22.16310691833496
21.488161087036133
21.07509422302246
21.292512893676758
21.888713836669922
19.27592658996582
19.97698211669922
23.695728302001953
22.219249725341797
23.771020889282227
21.222484588623047
19.387453079223633
18.241539001464844
20.014665603637695
14.605937004089355
21.284547805786133
21.817163467407227
21.032548904418945
20.65468978881836
20.53363037109375
19.62325096130371
19.56302261352539
19.540630340576172
22.129703521728516
21.55548858642578
19.66380500793457
21.039169311523438
19.470151901245117
19.277202606201172
18.807289123535156
17.241989135742188
21.306419372558594
20.944446563720703
21.229494094848633
18.40601348876953
18.817787170410156
18.57851219177246
73.83251953125
72.91388702392578
66.95246124267578
73.11433410644531
59.87718200683594
62.6121711730957
57.16059875488281
61.19343185424805
67.66587829589844
62.70782470703125
62.23500061035156
58.78715133666992
54.452396392822266
54.90952682495117
51.39225387573242
48.17928695678711
51.61696243286133
50.2088623046875
47.25226593017578
44.373435974121094
44.45289611816406
44.35492706298828
43.07710266113281
38.98065185546875
40.52295684814453
39.7833137512207
39.32082748413086
36.8773078918457
36.84977722167969
34.28197479248047
31.33438491821289
32.21489334106445
35.63965606689453
33.768333435058594
30.569843292236328
30.640941619873047
30.629680633544922
28.665422439575195
24.9390811920166
25.464040756225586
28.771568298339844
29.414125442504883
27.765817642211914
26.546348571777344
27.175264358520508
27.777305603027344
25.078842163085938
23.19306755065918
25.95602035522461
25.87143325805664
23.264976501464844
23.070964813232422
22.948284149169922
23.352659225463867
21.881690979003906
20.721410751342773
24.775436401367188
24.849262237548828
22.780269622802734
22.37635612487793
22.408353805541992
23.170902252197266
22.583234786987305
20.914335250854492
22.390621185302734
24.8343448638916
23.152372360229492
20.848283767700195
24.084989547729492
21.080698013305664
21.639446258544922
17.739469528198242
22.668821334838867
20.938827514648438
20.517297744750977
20.811607360839844
21.98771095275879
19.75119400024414
17.069639205932617
16.908470153808594
23.56951332092285
21.270057678222656
22.08626937866211
21.65187644958496
18.393156051635742
19.391769409179688
20.823476791381836
16.406333923339844
22.6118106842041
21.181276321411133
21.69332504272461
20.82813835144043
20.935382843017578
18.767597198486328
19.62702751159668
17.29700469970703
20.064647674560547
18.85858917236328
20.226747512817383
18.22246742248535
17.99493980407715
17.37881851196289
17.396495819091797
14.136762619018555
19.940269470214844
19.88652801513672
20.379606246948242
19.008499145507812
21.37537384033203
16.408660888671875
17.31770133972168
20.35549545288086
18.468069076538086
21.522422790527344
19.51352310180664
17.2705078125
17.473548889160156
16.73298454284668
17.628828048706055
14.76552677154541
18.59571075439453
19.662429809570312
16.98853302001953
16.20539093017578
16.748952865600586
17.5069637298584
16.892717361450195
13.678163528442383
17.34527587890625
17.463560104370117
17.80722427368164
16.64836311340332
15.57776927947998
16.24051284790039
15.55930233001709
15.199670791625977
18.525920867919922
17.619380950927734
16.740861892700195
15.635737419128418
16.737150192260742
17.5201473236084
14.355453491210938
12.139232635498047
16.6517333984375
17.1066951751709
18.444332122802734
16.496509552001953
14.636664390563965
15.524185180664062
15.160967826843262
13.796067237854004
16.47810935974121
15.630851745605469
15.280292510986328
15.122210502624512
16.26738929748535
13.896517753601074
15.612747192382812
12.604192733764648
15.632789611816406
15.869929313659668
15.343932151794434
14.485055923461914
14.094104766845703
14.813776969909668
13.463258743286133
9.571762084960938
14.79143238067627
15.368268013000488
14.623372077941895
13.821805953979492
14.352644920349121
13.092748641967773
11.088733673095703
12.058479309082031
14.218019485473633
14.006673812866211
13.034411430358887
14.263978004455566
12.396617889404297
12.112024307250977
11.310079574584961
10.872745513916016
13.540763854980469
12.697673797607422
12.808300018310547
12.203292846679688
12.915287017822266
12.087396621704102
12.972448348999023
11.108491897583008
12.931373596191406
12.934667587280273
12.254668235778809
11.665592193603516
12.162176132202148
11.667054176330566
10.906634330749512
8.475309371948242
11.232337951660156
12.466182708740234
12.263736724853516
11.738906860351562
10.868715286254883
11.182891845703125
10.807287216186523
9.058098793029785
70.5606918334961
75.45069122314453
72.5965576171875
71.06300354003906
64.52867889404297
63.097808837890625
66.85990142822266
66.30561828613281
62.2822380065918
59.58928680419922
49.63440704345703
44.14794158935547
60.686397552490234
59.14057922363281
55.34584045410156
54.71741485595703
53.966758728027344
55.1624755859375
53.23227310180664
42.31376266479492
54.77623748779297
50.349578857421875
46.1348876953125
44.75122833251953
44.24015808105469
44.75648498535156
41.077152252197266
37.19595718383789
40.90447998046875
42.03923034667969
40.35684585571289
43.09123611450195
38.71873474121094
37.16379165649414
35.128639221191406
33.80210494995117
36.5806884765625
36.706031799316406
36.5830078125
32.64255142211914
32.22852325439453
30.35332679748535
31.209461212158203
26.666336059570312
31.677310943603516
31.054109573364258
31.05052947998047
27.817668914794922
27.527297973632812
21.80425453186035
29.312175750732422
22.807239532470703
27.27446746826172
28.154836654663086
26.44710922241211
25.581785202026367
24.913558959960938
24.269092559814453
23.938880920410156
23.36345100402832
26.83927345275879
25.374736785888672
24.465595245361328
25.073646545410156
22.869247436523438
22.49703598022461
23.430973052978516
21.763879776000977
25.463281631469727
23.528223037719727
26.66487693786621
23.205219268798828
24.785913467407227
23.227951049804688
22.092361450195312
20.524568557739258
24.608829498291016
23.01426887512207
23.12272834777832
21.0812931060791
20.517362594604492
20.487089157104492
23.64697265625
19.48680305480957
23.783117294311523
21.6826171875
23.36001205444336
20.954477310180664
19.95295524597168
20.591093063354492
17.74759864807129
17.037790298461914
23.21858024597168
22.136295318603516
22.921180725097656
21.27690887451172
23.15717124938965
19.46159553527832
20.214641571044922
15.34510612487793
21.267114639282227
23.39476776123047
19.61639404296875
19.984115600585938
19.95184898376465
18.601810455322266
18.548236846923828
17.459636688232422
20.0234375
20.70254898071289
21.47980499267578
19.446805953979492
19.66152572631836
17.61844825744629
16.097164154052734
18.48052406311035
20.24137306213379
20.886301040649414
19.31372833251953
18.488147735595703
17.590179443359375
18.524272918701172
18.050270080566406
16.283435821533203
18.008962631225586
19.370784759521484
17.98867416381836
17.646039962768555
18.560001373291016
18.49056625366211
18.990863800048828
16.117504119873047
19.48613739013672
17.505916595458984
18.288501739501953
18.262697219848633
16.597551345825195
18.719459533691406
16.66869354248047
16.863798141479492
19.032672882080078
20.543283462524414
19.250625610351562
16.348155975341797
18.747425079345703
16.729747772216797
15.734387397766113
11.603904724121094
18.740245819091797
18.508220672607422
18.387027740478516
17.254562377929688
15.887757301330566
16.585975646972656
15.905524253845215
13.915627479553223
17.181888580322266
16.489351272583008
15.411101341247559
16.455902099609375
16.532947540283203
15.796056747436523
14.543706893920898
13.516510009765625
16.699676513671875
16.411165237426758
15.677210807800293
14.922232627868652
14.256982803344727
13.638301849365234
13.888659477233887
13.155838012695312
14.59142017364502
15.76252555847168
15.038748741149902
14.282280921936035
14.152992248535156
14.883869171142578
12.738607406616211
13.167905807495117
15.50063705444336
14.772913932800293
13.853713035583496
14.227910995483398
14.573763847351074
13.899106979370117
13.469341278076172
12.111069679260254
13.065773963928223
12.405248641967773
14.935235977172852
13.503286361694336
13.101418495178223
11.761951446533203
12.471460342407227
11.594647407531738
13.399057388305664
13.363996505737305
12.829907417297363
12.858756065368652
12.311988830566406
12.447138786315918
12.842323303222656
9.544483184814453
12.465307235717773
13.05272388458252
12.096471786499023
13.519251823425293
10.738351821899414
11.655734062194824
11.582763671875
10.710725784301758
82.28398132324219
81.75758361816406
80.2107162475586
74.92681121826172
71.39752197265625
67.9071273803711
73.21868133544922
57.5009880065918
74.78073120117188
69.34466552734375
65.19904327392578
65.16105651855469
61.36647033691406
62.507198333740234
57.60685348510742
48.5083122253418
57.081321716308594
57.753631591796875
52.15540313720703
46.89617156982422
46.59247589111328
47.9877815246582
42.61115646362305
37.10148239135742
45.31850051879883
47.06912612915039
42.895111083984375
42.88685989379883
37.96260070800781
39.98890686035156
36.74142074584961
32.367698669433594
74.91201782226562
75.57492065429688
78.00076293945312
71.4708023071289
66.45343780517578
75.19457244873047
64.55300903320312
67.57128143310547
66.0474853515625
68.35673522949219
68.72653198242188
66.58446502685547
64.58781433105469
63.729496002197266
60.113311767578125
52.66758346557617
62.18561935424805
59.677764892578125
58.7214469909668
76.5682373046875
77.12055969238281
75.2266616821289
64.78254699707031
69.58080291748047
66.30580139160156
66.66622161865234
60.341224670410156
68.05052185058594
66.916748046875
64.5112075805664
59.125980377197266
56.4703483581543
54.48453140258789
45.535064697265625
45.7099494934082
54.467079162597656
52.40813064575195
53.08755874633789
43.90907287597656
46.90340805053711
43.97243881225586
43.38695526123047
37.66300964355469
44.459747314453125
42.501197814941406
40.63029861450195
42.274261474609375
39.496864318847656
35.854618072509766
34.584991455078125
29.20738983154297
37.597110748291016
36.373329162597656
34.98783874511719
33.59927749633789
35.85493469238281
31.30716896057129
31.386001586914062
28.411174774169922
32.59672546386719
31.289592742919922
29.65978240966797
30.38360595703125
28.03525733947754
26.18592071533203
24.947795867919922
21.042104721069336
28.059892654418945
28.0316219329834
26.089969635009766
24.874343872070312
21.783645629882812
25.055191040039062
25.513404846191406
21.428985595703125
26.789283752441406
25.445465087890625
26.888689041137695
25.259183883666992
24.303878784179688
22.317779541015625
24.473201751708984
21.09438133239746
24.399852752685547
24.11368751525879
21.900726318359375
22.354312896728516
20.348907470703125
20.57802963256836
20.16934585571289
19.803226470947266
23.969463348388672
22.386920928955078
21.983230590820312
22.27771759033203
18.897958755493164
22.79004669189453
21.61525535583496
21.405515670776367
23.704875946044922
24.518678665161133
22.693359375
21.747522354125977
20.79984474182129
20.426698684692383
22.937585830688477
19.191978454589844
22.796030044555664
22.08074951171875
21.44635772705078
21.081138610839844
21.12312889099121
19.6101131439209
19.905519485473633
18.937307357788086
22.184288024902344
20.836444854736328
21.42978286743164
20.84935760498047
20.356346130371094
20.848018646240234
20.375215530395508
16.79136085510254
19.577348709106445
20.842769622802734
22.10091209411621
20.579225540161133
22.310392379760742
20.632234573364258
18.329021453857422
17.98421287536621
20.0902099609375
20.22511863708496
21.390432357788086
18.643640518188477
18.983633041381836
15.988340377807617
17.683536529541016
16.53630256652832
18.321048736572266
18.507949829101562
18.425086975097656
19.002796173095703
17.52486801147461
17.009092330932617
17.667638778686523
14.513956069946289
19.71253204345703
20.317270278930664
17.23358917236328
19.023351669311523
17.21347427368164
18.787799835205078
14.37297248840332
16.09241485595703
17.590904235839844
17.874515533447266
18.926406860351562
17.229402542114258
14.518051147460938
16.136211395263672
18.86519432067871
13.932428359985352
18.510042190551758
17.92903709411621
18.665380477905273
16.226667404174805
16.099517822265625
17.395828247070312
15.040437698364258
13.515606880187988
17.747209548950195
17.00511932373047
16.147891998291016
15.071599006652832
16.141681671142578
16.32505989074707
13.41943359375
14.075651168823242
15.916525840759277
16.29494285583496
15.975921630859375
15.265122413635254
15.927268028259277
15.624653816223145
13.337766647338867
13.915386199951172
15.389248847961426
16.66901397705078
16.930727005004883
15.674470901489258
13.705523490905762
13.97604751586914
14.193609237670898
12.465923309326172
16.445255279541016
14.726245880126953
14.119088172912598
13.359529495239258
12.922311782836914
13.459342956542969
13.143928527832031
13.096359252929688
14.828575134277344
14.396443367004395
14.84426498413086
12.404009819030762
13.449753761291504
13.35767650604248
12.662778854370117
10.8357572555542
13.46046257019043
13.78965950012207
12.82076358795166
13.312901496887207
11.855012893676758
12.629687309265137
11.596290588378906
11.112485885620117
12.550415992736816
12.368363380432129
12.546367645263672
12.699338912963867
11.313499450683594
11.076530456542969
10.982809066772461
10.435301780700684
21.442840576171875
20.522287368774414
18.95177459716797
19.8681583404541
18.519990921020508
20.01910400390625
18.732913970947266
16.411945343017578
21.779237747192383
20.80367660522461
20.505699157714844
21.434080123901367
68.06066131591797
69.85448455810547
65.93760681152344
65.00896453857422
66.26937103271484
60.39297103881836
56.79349899291992
56.861019134521484
66.58331298828125
64.9057846069336
57.31174087524414
56.183319091796875
48.177120208740234
53.04454803466797
54.786888122558594
46.179298400878906
55.24953842163086
55.70477294921875
49.42857360839844
47.770774841308594
47.978302001953125
46.54694366455078
46.38433074951172
37.44749069213867
46.320526123046875
42.62724304199219
41.469932556152344
40.428218841552734
35.2349967956543
31.155319213867188
32.624027252197266
35.216331481933594
39.213993072509766
36.99026870727539
35.81834030151367
33.855777740478516
34.986297607421875
31.609485626220703
30.083114624023438
28.677082061767578
31.94846534729004
32.808982849121094
30.785934448242188
30.26153564453125
29.174043655395508
27.441028594970703
28.871906280517578
23.635501861572266
29.90119171142578
27.303712844848633
26.249404907226562
25.820362091064453
25.556554794311523
24.69725799560547
28.879497528076172
22.49189567565918
27.310989379882812
25.677635192871094
24.81136703491211
27.095088958740234
23.790298461914062
26.00489616394043
21.552162170410156
23.565935134887695
24.681350708007812
25.746795654296875
25.350008010864258
23.93391990661621
23.097023010253906
23.757431030273438
23.592891693115234
22.271427154541016
22.851245880126953
25.13454818725586
23.806154251098633
25.354875564575195
23.646677017211914
21.085023880004883
23.060123443603516
21.866682052612305
23.815460205078125
23.019866943359375
22.303218841552734
20.93059539794922
21.840015411376953
24.293411254882812
23.39258575439453
22.128225326538086
22.69655990600586
23.504331588745117
23.818872451782227
22.28171157836914
21.955228805541992
20.875661849975586
22.772872924804688
18.444059371948242
22.70746612548828
23.078176498413086
21.702167510986328
22.405067443847656
20.456331253051758
21.373781204223633
20.76165771484375
20.271602630615234
21.771263122558594
22.356897354125977
19.821510314941406
22.769458770751953
21.22991943359375
22.33824348449707
16.506032943725586
15.483831405639648
20.966127395629883
21.589248657226562
21.007205963134766
20.20997428894043
19.170570373535156
18.191457748413086
17.300447463989258
17.691997528076172
18.973745346069336
20.188600540161133
18.13462257385254
20.66204071044922
16.41465950012207
19.216886520385742
19.49005699157715
15.45372486114502
20.44349479675293
21.142377853393555
17.649272918701172
19.00211524963379
17.393693923950195
17.95074462890625
17.301584243774414
15.194835662841797
19.49901580810547
18.287220001220703
17.12920379638672
17.352825164794922
17.78584861755371
17.792232513427734
16.271224975585938
13.656692504882812
18.766489028930664
17.751766204833984
17.64053726196289
18.399072647094727
18.19129753112793
17.982425689697266
17.05536651611328
13.928598403930664
17.347116470336914
17.501243591308594
15.743698120117188
18.040019989013672
16.280271530151367
15.853311538696289
16.00899314880371
14.84608268737793
17.170063018798828
17.699689865112305
17.18442726135254
15.924944877624512
15.221396446228027
13.274518966674805
16.569643020629883
13.760732650756836
16.960224151611328
16.318016052246094
15.896334648132324
14.714103698730469
14.761761665344238
15.392477035522461
13.967998504638672
11.849969863891602
15.123050689697266
15.575726509094238
15.592854499816895
15.223471641540527
15.681366920471191
13.696290969848633
11.915909767150879
9.888896942138672
14.75338363647461
15.789202690124512
14.946128845214844
14.499040603637695
13.438956260681152
13.348724365234375
12.997700691223145
12.223190307617188
13.660842895507812
14.908381462097168
14.808979034423828
12.961336135864258
14.14554214477539
12.633646011352539
12.530584335327148
11.542491912841797
13.380809783935547
13.572052955627441
13.890573501586914
11.944217681884766
12.599739074707031
12.685188293457031
11.541664123535156
9.200573921203613
12.10638427734375
11.720074653625488
11.492090225219727
11.899162292480469
11.661605834960938
10.650591850280762
11.101231575012207
11.482396125793457
12.703937530517578
12.286478042602539
12.638503074645996
10.438331604003906
10.458296775817871
10.23962116241455
9.961921691894531
8.761577606201172
11.476827621459961
10.987654685974121
10.522671699523926
10.5093412399292
10.728126525878906
10.61701774597168
10.419513702392578
9.932975769042969
10.740861892700195
10.613816261291504
10.226171493530273
9.606164932250977
9.622268676757812
9.550445556640625
10.220081329345703
8.543801307678223
9.563838958740234
9.846967697143555
9.537431716918945
9.150047302246094
9.524935722351074
9.325807571411133
8.8271484375
7.713748931884766
9.710688591003418
8.789133071899414
10.05615234375
9.382349014282227
8.877839088439941
8.01828384399414
8.554499626159668
7.077692985534668
8.841249465942383
9.325315475463867
8.826031684875488
8.878710746765137
7.828220367431641
7.369703769683838
8.356103897094727
7.465816497802734
8.801374435424805
8.169060707092285
8.411602020263672
7.7277960777282715
7.68215274810791
7.783495903015137
7.553843021392822
6.741493225097656
8.485971450805664
7.873040199279785
8.08169174194336
7.804449081420898
7.426789283752441
7.356508731842041
6.521684646606445
7.224930286407471
7.047360420227051
8.060789108276367
7.6423444747924805
7.215639114379883
7.611079216003418
7.137089729309082
5.928775787353516
6.683293342590332
7.144744873046875
7.065281867980957
7.595428466796875
7.440252780914307
7.132265090942383
7.124868869781494
6.336443901062012
5.803406238555908
7.464333534240723
7.255468368530273
7.052061557769775
6.217402458190918
5.8257527351379395
6.40558385848999
6.186387538909912
5.444815635681152
6.982439994812012
7.18817138671875
7.022618293762207
5.977341651916504
7.469515800476074
6.6656317710876465
6.015655040740967
5.257452487945557
6.426501750946045
6.51048469543457
6.365469932556152
6.568869590759277
5.861146926879883
5.827482223510742
5.776116371154785
5.551365852355957
6.484254360198975
5.9208245277404785
6.606749534606934
6.474145889282227
5.920664310455322
6.319571495056152
6.478774070739746
5.0805487632751465
6.219326972961426
6.2120819091796875
6.288629531860352
6.244292259216309
5.763659954071045
6.025270462036133
5.941634654998779
4.972869396209717
5.960901260375977
6.284624099731445
5.865756511688232
5.763916015625
5.897828578948975
6.0988569259643555
5.721128463745117
5.584648132324219
6.254437446594238
6.113813400268555
5.8283185958862305
6.247100353240967
6.153236389160156
5.725341796875
5.080169200897217
4.887260913848877
6.1471099853515625
6.210171222686768
6.472956657409668
5.8849077224731445
5.832036972045898
5.630904674530029
5.610838890075684
5.051374912261963
6.288431644439697
5.916538715362549
5.851253032684326
5.822751522064209
6.187158584594727
6.091779708862305
5.320802688598633
4.881739616394043
5.811147212982178
6.035754203796387
5.706648826599121
6.431214332580566
5.766275405883789
5.207616806030273
5.309658050537109
4.667895317077637
5.839541435241699
5.926446914672852
5.639545440673828
5.445578575134277
5.935740947723389
5.829648971557617
4.637264251708984
5.332701683044434
5.328237056732178
5.843850135803223
5.622894763946533
5.9693803787231445
5.290131092071533
5.696479797363281
4.744534969329834
4.624101161956787
5.829166889190674
5.948879241943359
5.495985984802246
5.441996097564697
5.6197919845581055
5.431547164916992
5.160952091217041
5.2519378662109375
5.908965110778809
5.677321910858154
5.804262638092041
5.746329307556152
5.145408630371094
5.447695732116699
5.651374816894531
4.3962249755859375
5.183898448944092
5.2477827072143555
5.8193206787109375
5.5181474685668945
5.364624500274658
5.653367042541504
5.131484031677246
4.459030628204346
5.445499897003174
5.608390808105469
5.607931613922119
5.360147953033447
5.43826150894165
5.206506729125977
5.3895416259765625
4.573126792907715
5.514736652374268
5.519410133361816
5.633607864379883
5.039138317108154
5.77099609375
4.85634708404541
4.783576011657715
4.9535112380981445
5.618252754211426
5.49641227722168
5.238351821899414
5.292872428894043
5.489988327026367
4.913321018218994
4.950527191162109
4.4888596534729
5.165524482727051
5.673532485961914
5.329607963562012
5.278158664703369
5.214874267578125
5.198907852172852
5.077233791351318
4.4377336502075195
4.966914653778076
5.383068084716797
5.135494709014893
5.626252174377441
5.389068126678467
4.842584609985352
5.056591510772705
5.530670166015625
5.184080600738525
5.307065963745117
5.27315616607666
5.9755401611328125
4.911956787109375
4.764878273010254
4.736488342285156
4.779069423675537
4.911468505859375
5.116140365600586
5.093780040740967
4.900138854980469
5.747072219848633
5.02984094619751
4.9799275398254395
4.474391937255859
5.267322540283203
5.43077278137207
4.955636978149414
4.766716957092285
5.258115768432617
4.927779197692871
4.754724502563477
4.142882347106934
5.841371536254883
5.364103317260742
4.767274856567383
5.289372444152832
5.393072128295898
4.918406963348389
4.596354961395264
4.337616443634033
5.435842990875244
5.249494552612305
5.213756561279297
5.50398063659668
4.708083152770996
4.654240608215332
5.039785385131836
3.8135595321655273
5.083074569702148
4.841823577880859
5.322922706604004
5.241353511810303
5.446620941162109
4.766670227050781
5.041372776031494
5.1452789306640625
5.140089988708496
5.124152660369873
5.712549209594727
5.315212249755859
5.423609733581543
4.979437828063965
5.096681118011475
4.470394134521484
5.026190757751465
5.212827682495117
5.6484904289245605
5.223913192749023
5.348140239715576
5.1867146492004395
4.710068702697754
4.459256172180176
4.727391242980957
5.166961669921875
5.080485820770264
4.610855579376221
5.180544853210449
4.8634490966796875
4.528730869293213
4.530549049377441
4.951099395751953
4.979600429534912
4.883460998535156
4.787034511566162
4.826389789581299
4.35593318939209
4.9195876121521
4.778409004211426
5.141637325286865
5.2086076736450195
5.060169219970703
4.8734331130981445
5.945127010345459
4.825720310211182
4.59223747253418
4.12729549407959
4.924220085144043
5.260420799255371
4.916617393493652
4.938877105712891
4.939920902252197
4.839705944061279
4.784358978271484
4.741400241851807
4.84246301651001
5.068081855773926
5.244044780731201
5.371082782745361
5.002541542053223
4.590015888214111
4.361049652099609
4.337151050567627
5.0734100341796875
5.290759086608887
5.0811052322387695
4.697483062744141
4.760976791381836
4.727043151855469
4.264640808105469
4.390093803405762
5.4678449630737305
4.9764299392700195
5.094756603240967
4.678157329559326
5.295413494110107
4.944068431854248
5.00250244140625
4.313790798187256
4.795222282409668
4.840266704559326
5.055528163909912
5.074360370635986
4.4829487800598145
4.616657257080078
4.971414566040039
4.702206611633301
4.98785400390625
5.00045108795166
4.926143646240234
4.778391361236572
5.231353759765625
5.044466495513916
4.300611972808838
4.69361686706543
4.776608943939209
5.038626194000244
4.786259174346924
5.318100929260254
5.150774002075195
4.756965160369873
4.673398971557617
3.8500800132751465
4.646784782409668
5.218723297119141
4.933854103088379
4.617567539215088
4.482715129852295
4.619231224060059
4.174271106719971
3.8757221698760986
4.93742036819458
4.76173734664917
4.845869064331055
4.475341796875
5.5481977462768555
5.1560959815979
4.598082065582275
4.211005210876465
4.628120422363281
5.389203071594238
4.95500373840332
4.822758197784424
4.842061996459961
4.827107906341553
4.84425163269043
3.8370978832244873
4.704699516296387
5.22791862487793
4.291308403015137
4.680009841918945
4.3263654708862305
4.324472904205322
3.8992574214935303
4.431799411773682
4.781265735626221
4.7251787185668945
4.838855266571045
4.439593315124512
5.570257186889648
5.253266334533691
4.7221784591674805
4.447929382324219
4.669904708862305
5.106818199157715
4.539337158203125
5.494892597198486
4.366374969482422
4.636568069458008
4.038430213928223
3.7639026641845703
5.231051445007324
4.585818767547607
4.728698253631592
4.995349884033203
4.978315830230713
4.775015830993652
4.501214027404785
3.98203706741333
4.655879020690918
4.541299819946289
4.921578884124756
4.727119445800781
4.709765434265137
4.640388488769531
4.257396697998047
4.189038276672363
4.629436492919922
4.8490309715271
4.6012043952941895
4.4340362548828125
4.593616485595703
4.219483852386475
4.4610772132873535
3.3385586738586426
4.968293190002441
4.939381122589111
4.68186616897583
4.626039505004883
5.280857563018799
4.350795269012451
4.224331855773926
4.028733253479004
4.509600639343262
4.610468864440918
4.679962158203125
4.725802421569824
4.753278732299805
4.267678260803223
4.5299859046936035
4.130959510803223
4.782663345336914
4.996517181396484
4.496015548706055
4.703118324279785
4.7326555252075195
4.313070297241211
4.537221908569336
4.175405979156494
4.701160430908203
5.0532989501953125
4.814164161682129
4.639810562133789
4.931607246398926
4.891181945800781
4.352609634399414
4.265213489532471
4.6099724769592285
4.768871307373047
4.5474443435668945
4.161539554595947
4.281482696533203
4.468729019165039
4.603090286254883
3.518324851989746
4.395535469055176
4.527819633483887
4.69675874710083
4.645625114440918
4.597172260284424
4.414568901062012
4.486697196960449
3.8863697052001953
4.570074558258057
4.812849998474121
4.208385944366455
4.28825569152832
4.8150410652160645
4.302402019500732
4.217538833618164
4.390655517578125
4.6484575271606445
4.609314918518066
4.245416641235352
4.392337322235107
4.605340957641602
4.102191925048828
4.088438034057617
3.6520111560821533
4.7606048583984375
4.497141361236572
4.542386054992676
4.6569719314575195
4.593944072723389
4.598496913909912
3.9347739219665527
3.9241528511047363
4.556719779968262
4.539715766906738
4.578330993652344
4.374061107635498
4.173799991607666
4.1594624519348145
4.378952503204346
4.280647277832031
4.632749080657959
4.572298526763916
4.481537818908691
4.5555419921875
4.526249885559082
4.427737236022949
4.169238567352295
4.118548393249512
4.365222930908203
4.504971504211426
4.663794040679932
4.272592067718506
4.3197712898254395
4.308157920837402
4.200535774230957
4.006979942321777
4.419302940368652
4.724223613739014
4.4340410232543945
4.5922393798828125
4.3076252937316895
4.248702526092529
4.1173601150512695
3.6436495780944824
4.539909362792969
4.980893135070801
4.694849014282227
4.504805088043213
4.641829013824463
4.28731632232666
3.9948723316192627
3.643209457397461
4.506175994873047
4.56436824798584
4.372298240661621
4.324648857116699
4.805265426635742
4.3586955070495605
3.758741855621338
4.025035858154297
4.562078952789307
4.608403205871582
4.412980079650879
4.559565544128418
4.3420233726501465
4.399530410766602
4.166457176208496
3.2983570098876953
4.194408893585205
4.662601470947266
4.370195388793945
4.7088518142700195
4.216439247131348
4.972639560699463
4.311617851257324
3.405208110809326
4.465590000152588
4.588945388793945
4.80985164642334
4.2248358726501465
4.856689453125
4.4391584396362305
3.9495797157287598
3.4605958461761475
4.289146900177002
4.131828308105469
5.159390449523926
5.803529739379883
4.52469539642334
4.6060614585876465
4.698923587799072
4.432548999786377
4.448974609375
4.291235446929932
4.733004093170166
4.4811224937438965
4.195994853973389
4.18657112121582
4.364785194396973
3.9256443977355957
4.266566753387451
4.555197715759277
4.314363479614258
4.809386253356934
4.5036420822143555
4.1916279792785645
4.518045902252197
3.699889659881592
4.568614482879639
4.551030158996582
4.189755916595459
4.272931098937988
3.9489078521728516
3.7780966758728027
4.288617134094238
4.260265827178955
4.503078460693359
4.452589988708496
4.014726638793945
4.132939338684082
4.231021404266357
4.448874473571777
3.8402721881866455
3.530916213989258
4.776927947998047
4.49626350402832
4.46610689163208
4.729765892028809
4.895678520202637
3.4402480125427246
4.164178371429443
3.9225013256073
4.473174571990967
4.2727460861206055
4.539724349975586
4.443667411804199
4.019035339355469
3.9843480587005615
3.8752083778381348
3.142240524291992
4.283557415008545
4.546233177185059
4.186675071716309
4.399693012237549
4.625341415405273
4.143570899963379
4.031601428985596
3.4269356727600098
4.239485740661621
4.413444519042969
4.47231912612915
4.584595680236816
4.305002212524414
4.843315124511719
4.207833290100098
3.6777400970458984
4.453085899353027
4.674224853515625
4.479605674743652
4.391812801361084
4.90796422958374
4.454151630401611
4.2760772705078125
3.5417282581329346
4.048081874847412
4.756255149841309
4.141206741333008
4.748573303222656
4.26423454284668
3.8934555053710938
3.851119041442871
3.2346529960632324
4.2619476318359375
4.057690620422363
4.04328727722168
4.273837566375732
4.223381042480469
3.809349298477173
4.343889236450195
4.077851295471191
4.228999614715576
4.405950546264648
4.785683631896973
4.3588666915893555
4.638185501098633
4.3837175369262695
4.41249942779541
3.1025028228759766
4.7152581214904785
4.201652526855469
4.406294345855713
4.392856597900391
4.629314422607422
4.1602654457092285
4.698048114776611
3.218477964401245
4.340538501739502
4.474704265594482
4.09628438949585
4.455403804779053
4.020813941955566
3.733572006225586
3.9773685932159424
3.182746171951294
4.133667945861816
4.088101387023926
4.515830993652344
4.403868675231934
4.256352424621582
4.221320152282715
3.816173553466797
3.1638073921203613
4.002161979675293
4.036534309387207
4.086956977844238
4.369224548339844
4.24096155166626
3.8491621017456055
3.748351573944092
3.5318996906280518
4.264402389526367
4.302165985107422
4.405356407165527
3.9860785007476807
3.8874993324279785
4.0955610275268555
3.4853920936584473
3.5898613929748535
4.170559883117676
4.626095294952393
4.129488945007324
4.260077476501465
3.9360127449035645
3.9514760971069336
3.957122802734375
3.742018461227417
4.479841232299805
4.510022163391113
4.222684860229492
4.186389923095703
4.099734783172607
3.9365806579589844
4.245394706726074
3.73337459564209
4.858290672302246
4.476920127868652
4.122170925140381
4.086651802062988
4.216880798339844
4.182518482208252
3.828962802886963
3.6578269004821777
4.167063236236572
4.6609787940979
4.28618860244751
4.181905746459961
4.068772315979004
4.143507480621338
3.8715615272521973
4.214116096496582
4.234393119812012
4.295283317565918
4.198104381561279
4.292205333709717
4.23342227935791
4.03803014755249
3.8665895462036133
3.4913768768310547
4.03891658782959
4.4205169677734375
4.043590545654297
3.9176483154296875
4.116317272186279
4.194973945617676
4.127739906311035
3.582362174987793
4.32999324798584
4.053947925567627
4.043394088745117
4.68465518951416
4.166877269744873
4.240887641906738
4.329395294189453
3.331916570663452
4.092767238616943
4.107751369476318
4.3504486083984375
4.00172233581543
5.116669178009033
3.828329086303711
4.071187496185303
3.4308743476867676
4.11149787902832
4.409005165100098
4.194118022918701
4.260809898376465
4.793682098388672
4.03553581237793
3.6717491149902344
3.281506299972534
4.154165267944336
4.126344680786133
4.358019828796387
4.202752113342285
4.532971382141113
3.7609574794769287
4.448539733886719
3.348504066467285
73.53590393066406
69.8036880493164
66.77276611328125
73.88096618652344
69.31318664550781
64.10753631591797
66.50847625732422
60.4802360534668
67.92337799072266
61.77559280395508
60.2379150390625
61.314002990722656
57.190284729003906
48.32797622680664
53.59674072265625
48.171600341796875
56.432918548583984
54.831111907958984
48.31066131591797
48.25157165527344
41.490604400634766
43.28672790527344
38.53717803955078
38.15755081176758
45.051856994628906
44.88201141357422
42.41324234008789
41.347145080566406
43.88828659057617
35.99860763549805
37.135704040527344
33.20609664916992
38.004390716552734
37.81284713745117
33.66417694091797
31.49735450744629
31.44183921813965
31.012462615966797
29.61643409729004
27.102991104125977
30.039596557617188
31.792232513427734
30.54488182067871
27.87312126159668
25.49121856689453
28.379329681396484
24.22252655029297
23.780668258666992
74.98760223388672
73.59175872802734
75.95672607421875
65.79764556884766
69.86243438720703
66.35369110107422
64.04254913330078
50.0389518737793
69.62547302246094
61.38409423828125
60.88241195678711
54.967254638671875
61.17983627319336
61.269744873046875
60.65290069580078
47.46259689331055
54.355533599853516
54.22871398925781
50.94618225097656
54.76719284057617
47.11636734008789
45.71639633178711
42.903568267822266
41.23474884033203
43.29425811767578
44.17265319824219
40.66758728027344
38.694122314453125
37.285179138183594
38.501953125
38.000545501708984
36.48069381713867
39.04612350463867
36.84294509887695
34.74168014526367
30.878236770629883
31.208581924438477
30.177532196044922
27.494504928588867
27.37091636657715
31.34612274169922
30.65203857421875
30.1781005859375
28.302438735961914
27.480968475341797
27.442914962768555
24.580198287963867
26.940834045410156
26.724796295166016
27.14796257019043
25.41891860961914
26.063474655151367
25.381874084472656
24.89467430114746
26.108373641967773
19.718263626098633
25.599605560302734
25.269250869750977
26.434715270996094
25.726581573486328
26.089378356933594
23.696508407592773
19.096616744995117
19.509504318237305
23.99907684326172
23.973196029663086
24.708547592163086
23.25505256652832
24.482988357543945
21.00784683227539
23.205585479736328
18.578886032104492
24.348787307739258
24.110048294067383
24.310203552246094
21.749177932739258
24.3741512298584
21.061450958251953
22.629133224487305
21.432729721069336
23.445905685424805
23.403091430664062
24.077106475830078
23.077425003051758
22.418434143066406
19.614948272705078
21.415727615356445
15.94454574584961
23.058197021484375
22.775476455688477
24.724851608276367
19.82522201538086
22.19314193725586
20.932682037353516
17.276185989379883
16.511001586914062
22.752111434936523
21.770641326904297
23.673004150390625
20.11046600341797
19.87881851196289
19.315584182739258
17.341882705688477
18.376670837402344
20.30560302734375
21.591400146484375
20.183191299438477
19.895282745361328
19.492406845092773
17.95923614501953
19.141368865966797
18.01504898071289
19.77176284790039
19.86753273010254
18.037019729614258
18.7746639251709
19.813762664794922
15.846843719482422
15.910286903381348
17.208751678466797
18.810766220092773
20.603534698486328
17.780099868774414
19.0128173828125
18.799266815185547
17.650096893310547
16.576080322265625
13.50534725189209
19.987356185913086
20.665924072265625
18.357036590576172
16.403858184814453
18.22820472717285
18.44657325744629
17.963031768798828
16.65111541748047
17.699525833129883
17.68769073486328
16.880645751953125
18.473718643188477
16.288223266601562
18.10986328125
17.232017517089844
14.013177871704102
18.193134307861328
18.31662368774414
17.784618377685547
18.338722229003906
16.146778106689453
16.667343139648438
16.504817962646484
15.003740310668945
17.771303176879883
17.161998748779297
16.999547958374023
15.963438034057617
15.544670104980469
15.107987403869629
14.79281234741211
12.579388618469238
16.267986297607422
16.70178985595703
16.290409088134766
15.667675018310547
16.830280303955078
15.473609924316406
14.51639461517334
13.010322570800781
15.68736743927002
16.38130760192871
16.491422653198242
14.810128211975098
14.337100982666016
14.35755443572998
13.936036109924316
12.958354949951172
14.831504821777344
15.752151489257812
14.801684379577637
13.680964469909668
13.915048599243164
14.238191604614258
13.741341590881348
12.320968627929688
13.695680618286133
14.930323600769043
14.04281997680664
14.295392990112305
11.51270866394043
13.360440254211426
12.58548355102539
11.879714012145996
14.203349113464355
13.278708457946777
13.003498077392578
13.185029029846191
11.888922691345215
11.820671081542969
11.247482299804688
10.303778648376465
12.529559135437012
12.577964782714844
12.90670394897461
12.275585174560547
11.1470365524292
11.18635368347168
10.759602546691895
9.570029258728027
11.868829727172852
12.35614013671875
12.064566612243652
10.802854537963867
11.126256942749023
9.795992851257324
9.771438598632812
10.212894439697266
11.571443557739258
10.931232452392578
11.885334014892578
11.079791069030762
10.578296661376953
10.197230339050293
9.693681716918945
8.896025657653809
11.048513412475586
10.376901626586914
9.412505149841309
10.341057777404785
10.023794174194336
9.684449195861816
8.574443817138672
8.577984809875488
9.54015064239502
10.505208969116211
10.272392272949219
9.660345077514648
9.545686721801758
9.706843376159668
9.272283554077148
9.387825012207031
9.539924621582031
9.53613567352295
9.021565437316895
9.74835205078125
8.586645126342773
8.945311546325684
9.031784057617188
9.165563583374023
9.437568664550781
9.475651741027832
9.792619705200195
9.606867790222168
8.121034622192383
7.903135299682617
8.007801055908203
6.587595462799072
8.306968688964844
9.506088256835938
8.260040283203125
8.6998872756958
7.818525314331055
8.163601875305176
8.325593948364258
7.1294636726379395
8.447380065917969
8.614452362060547
8.237663269042969
7.795333385467529
8.044402122497559
6.825890064239502
7.0568389892578125
6.436492443084717
7.525116920471191
7.403356075286865
7.71071720123291
7.317287445068359
8.202195167541504
6.717559814453125
7.172466278076172
5.725532054901123
7.242465019226074
7.729692459106445
6.962381839752197
7.322026252746582
6.873556137084961
6.610771179199219
6.90907096862793
7.005242347717285
7.707266807556152
7.351858139038086
7.080373764038086
7.32950496673584
6.377224445343018
6.619044303894043
5.9489827156066895
5.497737407684326
6.795255661010742
7.0698113441467285
6.556077003479004
6.822509288787842
6.58650016784668
6.816361427307129
6.724797248840332
4.972596168518066
6.129766464233398
6.634525299072266
6.3966450691223145
6.656833648681641
6.227724075317383
6.580204010009766
6.1483917236328125
5.181838035583496
6.810733795166016
6.471185684204102
6.895308971405029
6.45966100692749
7.15205192565918
5.786983489990234
6.233639717102051
5.359775543212891
6.466297149658203
6.761928081512451
6.558788776397705
6.391395092010498
6.675552845001221
5.7487335205078125
5.738447189331055
4.579622268676758
6.2477827072143555
6.510324478149414
5.944605827331543
5.7849650382995605
5.708234786987305
6.018383502960205
6.1758246421813965
5.516839981079102
6.154397010803223
6.14659309387207
6.000818252563477
6.122874736785889
5.784197807312012
5.909412384033203
5.726717948913574
5.067028999328613
5.967029571533203
5.9284820556640625
6.161593437194824
5.881274223327637
5.910804748535156
6.221887111663818
6.374486446380615
4.5200347900390625
5.676451206207275
5.93202018737793
5.473043441772461
5.63409423828125
6.082141876220703
4.973869323730469
6.235779762268066
5.253565311431885
6.213323593139648
5.94425106048584
6.037956237792969
5.898828029632568
5.865240573883057
5.405017852783203
5.477033615112305
5.480827808380127
5.751049995422363
5.748270034790039
5.947866439819336
5.353630065917969
5.805659294128418
5.583865165710449
5.994299411773682
4.891647815704346
5.862707138061523
5.54254674911499
5.496305465698242
5.578837871551514
6.091400146484375
5.516403675079346
5.0819268226623535
5.018974304199219
5.798555374145508
5.630651473999023
5.956717014312744
5.850567817687988
5.318315505981445
5.453122138977051
5.164709091186523
4.838074684143066
5.4054274559021
5.955643653869629
5.454588890075684
5.978825569152832
5.592221260070801
6.045135021209717
5.263986110687256
5.089214324951172
5.412267684936523
5.642045497894287
5.432826042175293
5.46097469329834
5.0787763595581055
4.582033157348633
4.953508377075195
4.615195274353027
5.2702956199646
5.6659255027771
5.435264587402344
5.134180068969727
5.914299964904785
5.298051834106445
5.24581241607666
4.495573043823242
5.260345458984375
5.281938076019287
5.230746746063232
5.231726169586182
5.0710296630859375
4.723972320556641
4.8251166343688965
5.048632621765137
5.340582847595215
5.271003723144531
5.244382858276367
5.202521324157715
4.974606990814209
5.322658061981201
4.764098167419434
4.683815956115723
5.064300060272217
5.317115783691406
4.906018257141113
5.35255241394043
4.966068267822266
5.285304069519043
4.828360557556152
4.387123107910156
5.60334587097168
5.2092390060424805
5.328120231628418
4.814740180969238
4.61807918548584
5.005105018615723
4.709047317504883
3.880913734436035
5.049935340881348
5.208193778991699
5.565889358520508
5.2155961990356445
4.826777458190918
5.5586042404174805
4.707703590393066
5.249823093414307
5.307213306427002
5.343018531799316
5.223472595214844
5.5230712890625
4.8649773597717285
5.019986152648926
5.261468410491943
4.78983736038208
5.21971321105957
5.410109519958496
5.293771743774414
5.302694797515869
5.330026626586914
5.078835964202881
4.863181114196777
4.579049110412598
4.9183669090271
5.107790470123291
5.125041484832764
68.42251586914062
66.90916442871094
66.93587493896484
63.986087799072266
61.42733383178711
60.19969177246094
59.00564193725586
57.669437408447266
58.600399017333984
56.256385803222656
52.32708740234375
58.42194366455078
59.67583465576172
54.42446517944336
52.68714141845703
54.45768737792969
51.09767532348633
49.99117660522461
46.19181442260742
35.51744842529297
47.35791015625
41.9199333190918
47.15088653564453
45.737693786621094
44.91179275512695
40.560752868652344
40.22544479370117
40.50721740722656
42.060768127441406
37.5162239074707
31.960588455200195
35.306549072265625
37.96196365356445
37.122806549072266
36.53154373168945
36.612083435058594
35.50563049316406
30.90886688232422
33.76016616821289
30.56610870361328
31.630287170410156
30.088706970214844
29.66464614868164
29.880817413330078
31.793540954589844
31.799381256103516
30.402191162109375
29.79351234436035
27.18570899963379
27.667591094970703
26.69869041442871
26.852840423583984
26.954063415527344
25.57759666442871
27.288175582885742
28.029342651367188
27.705644607543945
28.411222457885742
26.477386474609375
25.878570556640625
24.189468383789062
24.564437866210938
69.8997573852539
68.70744323730469
68.57281494140625
66.57279968261719
64.21125793457031
65.17847442626953
62.149085998535156
58.73536682128906
58.26380157470703
59.86696243286133
56.874794006347656
57.84071350097656
50.16688537597656
51.714290618896484
47.3331413269043
49.35086441040039
48.655582427978516
46.362327575683594
43.99402618408203
49.3448600769043
49.08726501464844
46.01610565185547
46.01491165161133
44.00200271606445
41.01118469238281
40.029354095458984
39.74327087402344
34.91532516479492
37.037593841552734
33.862274169921875
35.35442352294922
31.815221786499023
27.942909240722656
30.052005767822266
26.74749183654785
29.183422088623047
28.109888076782227
28.490360260009766
32.841217041015625
32.246253967285156
30.876413345336914
30.552703857421875
29.25701904296875
27.88010025024414
29.02889060974121
27.760955810546875
26.672775268554688
28.487361907958984
23.05122184753418
25.132301330566406
23.586076736450195
21.110164642333984
24.61107063293457
21.71319007873535
23.386585235595703
22.950626373291016
23.295961380004883
26.033205032348633
26.377920150756836
24.477489471435547
26.091894149780273
25.03959846496582
25.950029373168945
24.040616989135742
23.49435806274414
22.82332992553711
24.38908576965332
23.561771392822266
23.589906692504883
21.336902618408203
24.12071418762207
21.297021865844727
21.608165740966797
22.187789916992188
21.52603530883789
20.029647827148438
24.60671043395996
24.033023834228516
23.35545539855957
24.027746200561523
23.319049835205078
23.21077537536621
24.28113555908203
21.8839168548584
20.366683959960938
21.935300827026367
22.589204788208008
21.46912956237793
22.058292388916016
21.451068878173828
20.174787521362305
19.222631454467773
20.29527473449707
19.976688385009766
21.14654541015625
22.601537704467773
23.078596115112305
22.669239044189453
23.37969398498535
21.536598205566406
22.353355407714844
20.315126419067383
19.891029357910156
20.033611297607422
20.125633239746094
19.24637222290039
18.892255783081055
19.594118118286133
16.041078567504883
17.24325942993164
69.77839660644531
72.80607604980469
73.40000915527344
70.32029724121094
72.0975112915039
70.41262817382812
64.91194915771484
68.05786895751953
65.0727767944336
60.552642822265625
59.45166778564453
57.613746643066406
60.62184524536133
56.707820892333984
52.4676399230957
52.63667297363281
45.6827392578125
47.28022003173828
46.11824035644531
48.75028610229492
45.297855377197266
50.55585861206055
49.24460220336914
47.05730056762695
46.42378616333008
43.44718933105469
43.53724670410156
39.63174057006836
36.733131408691406
37.05352020263672
38.95210266113281
34.09394454956055
36.36672592163086
31.794666290283203
29.92726707458496
32.10927200317383
30.946918487548828
30.189367294311523
28.660829544067383
28.699642181396484
25.170042037963867
30.83937644958496
31.44896125793457
28.855724334716797
28.443052291870117
26.93813133239746
26.36369514465332
27.922821044921875
24.70485496520996
24.701732635498047
23.674169540405273
23.367523193359375
21.67775535583496
22.731874465942383
21.248611450195312
22.043472290039062
19.78709602355957
20.422975540161133
20.863616943359375
22.470232009887695
19.959230422973633
23.43804359436035
23.055429458618164
22.940439224243164
23.407554626464844
22.40167808532715
22.79483985900879
21.781845092773438
21.86117935180664
20.309659957885742
20.826915740966797
22.258155822753906
21.14349365234375
19.12764549255371
21.507844924926758
16.620777130126953
20.119449615478516
20.82373046875
19.416154861450195
19.779020309448242
17.80852699279785
21.3236083984375
22.152389526367188
21.383007049560547
21.628650665283203
20.230243682861328
20.642581939697266
21.78615951538086
20.226835250854492
18.552215576171875
19.090517044067383
19.508922576904297
19.054786682128906
18.190540313720703
18.731197357177734
18.826438903808594
17.258804321289062
16.75908088684082
16.67359733581543
17.74618911743164
17.694303512573242
19.822309494018555
19.75991439819336
18.81062889099121
19.157594680786133
18.860366821289062
18.702985763549805
18.037569046020508
17.89864730834961
16.97203826904297
18.42304039001465
18.132259368896484
17.541038513183594
15.76145076751709
16.720537185668945
14.608572006225586
16.337337493896484
17.357372283935547
16.437053680419922
16.577417373657227
14.197050094604492
18.110763549804688
18.4354190826416
16.667325973510742
18.003910064697266
17.006568908691406
17.367834091186523
17.092924118041992
15.984027862548828
16.718017578125
16.27232551574707
17.88546371459961
15.473535537719727
15.399256706237793
15.066747665405273
12.413021087646484
14.310195922851562
13.561501502990723
14.98220443725586
13.549307823181152
14.05630874633789
16.188159942626953
16.287220001220703
16.51828384399414
16.34604263305664
16.264217376708984
15.630053520202637
16.500019073486328
15.137677192687988
13.819954872131348
14.881573677062988
14.175056457519531
13.316316604614258
13.599761962890625
14.354911804199219
13.651748657226562
13.066215515136719
13.796952247619629
13.187829971313477
13.053594589233398
13.412625312805176
15.110902786254883
15.074289321899414
14.410648345947266
14.660982131958008
14.324416160583496
14.132804870605469
13.801000595092773
12.980749130249023
12.967507362365723
13.915769577026367
13.17532730102539
13.655021667480469
11.833864212036133
12.023122787475586
10.76849365234375
10.671147346496582
13.19255256652832
12.098027229309082
11.61583137512207
10.607771873474121
12.640873908996582
12.869098663330078
12.924158096313477
12.933927536010742
12.46129322052002
12.357345581054688
13.152557373046875
11.514575958251953
11.922646522521973
11.92324447631836
10.956384658813477
10.839322090148926
10.844197273254395
10.632270812988281
10.24011516571045
11.048980712890625
10.202254295349121
10.510074615478516
10.496236801147461
10.470586776733398
10.975343704223633
11.211536407470703
11.30572509765625
11.612735748291016
10.891548156738281
11.036603927612305
10.963903427124023
10.399534225463867
9.931632041931152
10.331228256225586
10.715706825256348
9.837159156799316
9.855369567871094
9.182827949523926
8.466939926147461
8.499585151672363
9.077293395996094
8.901491165161133
8.888984680175781
8.529294967651367
9.723023414611816
10.110809326171875
9.546634674072266
9.66302490234375
8.93586540222168
9.150867462158203
9.215496063232422
8.579137802124023
9.088020324707031
8.95010757446289
8.503889083862305
8.100871086120605
8.149640083312988
7.568894386291504
7.702112197875977
8.18905258178711
7.619598388671875
8.426849365234375
7.631137847900391
7.42661190032959
8.2852144241333
8.494585037231445
8.41900634765625
8.471041679382324
8.325233459472656
8.043137550354004
8.313040733337402
7.621468544006348
7.447973251342773
7.558010578155518
7.594470977783203
7.1562042236328125
7.2634382247924805
7.088614463806152
6.0230817794799805
6.982596397399902
7.251617431640625
6.8096771240234375
6.621049880981445
6.451435089111328
7.380068302154541
7.2890496253967285
7.359819412231445
7.428155422210693
7.0764288902282715
7.356335639953613
7.461930274963379
6.917292594909668
6.9276533126831055
6.817208290100098
6.997504234313965
7.019618034362793
6.534426212310791
6.503859519958496
6.595762252807617
6.030179977416992
6.502315998077393
6.030118942260742
6.323884010314941
5.962071418762207
7.1182966232299805
6.794702529907227
6.567363262176514
6.8019819259643555
6.441658973693848
6.555449962615967
6.76273250579834
6.116204738616943
5.983415603637695
6.349414825439453
6.135139465332031
6.469577312469482
6.117807388305664
5.70942497253418
5.965764045715332
5.571791172027588
5.991740703582764
5.397036552429199
5.873584747314453
5.687863349914551
5.901172161102295
6.027325630187988
6.1879119873046875
6.383088111877441
6.058467864990234
6.302604675292969
6.1542768478393555
5.990073204040527
5.8649821281433105
5.951437473297119
5.725807189941406
5.606945037841797
6.134140491485596
5.1660614013671875
5.617557525634766
5.463309288024902
5.590251922607422
5.449209213256836
5.44679594039917
5.300271034240723
5.972453594207764
5.958152770996094
6.027719974517822
6.1166582107543945
5.800517559051514
5.987857818603516
5.677217483520508
5.327810287475586
5.574493408203125
5.8874335289001465
6.231077194213867
4.962591171264648
5.322956085205078
4.847046375274658
5.354880332946777
5.079432487487793
5.606375694274902
4.976293563842773
5.430493354797363
5.160452365875244
5.483595848083496
5.788336753845215
5.585092544555664
5.586618423461914
5.589301109313965
5.527279376983643
5.6858649253845215
5.336221218109131
5.437347412109375
5.319956302642822
5.268674850463867
5.313342094421387
5.361083984375
4.949411392211914
5.436405658721924
4.8659844398498535
5.178077220916748
4.894065856933594
5.100933074951172
4.935912132263184
5.352459907531738
5.573944091796875
5.594581604003906
5.5183820724487305
5.546534061431885
5.502412796020508
5.275866985321045
5.220110893249512
5.120199203491211
5.345612525939941
5.380864143371582
5.365118980407715
5.090971946716309
4.727266311645508
5.169626712799072
4.778833389282227
5.011937141418457
4.8351263999938965
4.980286121368408
4.741661548614502
5.3281636238098145
5.330631732940674
5.153090000152588
5.34514856338501
5.258499622344971
5.076908588409424
5.155437469482422
4.844560623168945
5.1343865394592285
5.272172927856445
5.018887519836426
5.029211044311523
4.789052486419678
5.165971755981445
4.437012672424316
4.801971435546875
5.005229949951172
4.705777645111084
4.7804646492004395
4.613418102264404
5.192323684692383
5.194239139556885
5.057113170623779
5.210931777954102
4.86356258392334
5.2204413414001465
5.0835089683532715
4.9070892333984375
5.125698089599609
5.308646202087402
4.965096473693848
5.292555809020996
4.8350324630737305
4.538353443145752
4.601183891296387
4.586932182312012
4.572265625
4.360481262207031
4.807303428649902
4.38551139831543
4.958335876464844
5.200068473815918
5.0756120681762695
4.987175941467285
5.1336469650268555
4.961028099060059
5.120133399963379
4.673659801483154
4.891468048095703
4.754842281341553
4.7290940284729
4.737663269042969
4.681815147399902
4.381589889526367
4.521394729614258
4.6740007400512695
4.891507148742676
4.590765476226807
4.7138352394104
4.34156608581543
4.818064212799072
4.944503307342529
4.951842308044434
5.079418182373047
4.626317977905273
4.909328460693359
4.883650302886963
4.797255516052246
4.642638206481934
4.8249993324279785
4.80056095123291
4.705962657928467
4.626836776733398
4.338862895965576
4.103497505187988
4.314598083496094
4.6371870040893555
4.32879114151001
4.409345626831055
4.306994915008545
4.767887115478516
5.015329360961914
4.76779842376709
4.844339847564697
4.892884254455566
4.837821006774902
4.769687652587891
4.52146053314209
4.555176734924316
4.885916233062744
4.799267768859863
5.177382946014404
4.748248100280762
4.431980609893799
4.907586097717285
4.534976959228516
4.395991802215576
4.22544002532959
4.2065277099609375
3.9348392486572266
4.7469072341918945
4.730857849121094
4.781291961669922
4.747652053833008
4.700121879577637
4.7482757568359375
4.910143852233887
4.660175800323486
4.558998107910156
4.674509525299072
4.484058380126953
4.864182472229004
4.391834735870361
4.6876020431518555
4.306007385253906
4.498367786407471
4.148658752441406
4.1712327003479
4.232656002044678
4.299202919006348
4.862804412841797
4.667534351348877
4.717302322387695
4.821944236755371
4.591446876525879
4.62872314453125
4.44775915145874
4.442164897918701
4.609689712524414
4.848466873168945
4.649519920349121
4.389502048492432
4.3307294845581055
4.070910453796387
4.300839424133301
4.510517120361328
4.184818744659424
4.175450801849365
4.599102020263672
3.923814058303833
4.522977828979492
4.475706577301025
4.562735080718994
4.6848602294921875
4.75938606262207
4.385087013244629
4.540625095367432
4.3195319175720215
4.483668327331543
4.1696319580078125
5.021279335021973
4.787421226501465
4.390407562255859
3.847649097442627
4.315978050231934
4.328028678894043
4.129037380218506
4.123315811157227
4.304630279541016
4.180047035217285
4.700466156005859
4.647217750549316
4.822299003601074
4.681929111480713
4.597481727600098
4.4846086502075195
4.810325622558594
4.262411594390869
4.626076698303223
4.699005126953125
4.417792320251465
4.208108901977539
4.240546226501465
4.042583465576172
4.595799446105957
4.61610221862793
4.059608459472656
3.9951517581939697
3.995879650115967
4.195531368255615
4.519754886627197
4.348686695098877
4.639169692993164
4.547087669372559
4.283580780029297
4.648922920227051
4.3792548179626465
4.164845943450928
4.365787506103516
4.673559188842773
5.078664302825928
4.407541275024414
4.1719818115234375
4.059994697570801
4.132501602172852
4.0742340087890625
4.166764259338379
4.164539337158203
3.9627339839935303
3.95489239692688
4.46347713470459
4.590756893157959
4.4872355461120605
4.414369583129883
4.628471374511719
4.528438091278076
4.37034797668457
4.1442413330078125
4.3549652099609375
4.550882816314697
4.197275161743164
4.098639011383057
4.280025005340576
4.204592227935791
3.716817855834961
4.134450912475586
4.164295196533203
3.81679368019104
4.057092189788818
3.6967978477478027
4.422709941864014
4.7074360847473145
4.273992538452148
4.458945274353027
4.313411712646484
4.283347129821777
4.439971923828125
4.226999282836914
4.4487810134887695
4.286664009094238
4.420710563659668
4.509398460388184
4.283217430114746
3.846418619155884
3.8046555519104004
3.743974208831787
4.028857707977295
3.895634174346924
4.0688276290893555
3.6999077796936035
4.310551643371582
4.5424323081970215
4.50389289855957
4.737600803375244
4.366243839263916
4.438803672790527
4.111294269561768
4.137498378753662
4.265926837921143
4.449634552001953
4.3020195960998535
4.225589752197266
3.9019951820373535
4.101921081542969
3.925854206085205
3.9766297340393066
4.20249080657959
3.9107534885406494
3.924488067626953
3.694601535797119
4.337342739105225
4.354228496551514
4.583101272583008
4.355275630950928
4.285649299621582
4.302977561950684
4.1553425788879395
3.9732022285461426
4.1965227127075195
4.07436990737915
4.49990701675415
4.130493640899658
4.115699768066406
3.6644344329833984
3.970487356185913
3.8391408920288086
3.805058479309082
3.8984951972961426
3.9345009326934814
3.5294084548950195
4.476019382476807
4.377392768859863
4.374246120452881
4.430606365203857
4.386204719543457
4.378225803375244
4.235619068145752
4.107789516448975
4.487531661987305
4.473702907562256
4.045907497406006
4.39588737487793
4.0757598876953125
3.9956984519958496
3.809185743331909
3.8533778190612793
3.9669342041015625
3.8307676315307617
3.97843861579895
4.1257405281066895
4.274110794067383
4.295106410980225
4.269165515899658
4.373824596405029
4.206355094909668
4.213481903076172
4.227883815765381
3.9966061115264893
4.175360202789307
4.057394027709961
4.122737884521484
4.352529048919678
4.106429100036621
3.9715518951416016
3.362515926361084
3.8851795196533203
4.035926818847656
3.4551496505737305
3.9275689125061035
3.5410585403442383
4.356363296508789
4.277020454406738
4.314648151397705
4.377435684204102
4.180211067199707
4.205068588256836
4.16203498840332
3.971719741821289
4.314029693603516
4.509882926940918
4.235739707946777
3.9896042346954346
3.884097099304199
4.011301517486572
3.940253257751465
3.6850194931030273
3.9093828201293945
3.6780307292938232
3.547630786895752
3.7241106033325195
4.3533735275268555
4.188819885253906
4.305190086364746
4.304002285003662
4.2716755867004395
4.131283760070801
4.029906272888184
3.8566322326660156
4.237668991088867
4.0845627784729
3.8336856365203857
4.14700984954834
3.8293657302856445
3.598550319671631
3.769214153289795
3.4912304878234863
3.7389817237854004
3.530146360397339
3.68318510055542
3.386768341064453
4.101293563842773
4.000575065612793
4.200021743774414
4.1001176834106445
4.245506763458252
3.953634262084961
4.309720039367676
3.8310070037841797
3.926938533782959
4.013216018676758
4.057914733886719
4.2255096435546875
4.0587005615234375
3.6961936950683594
3.625483751296997
3.8329598903656006
3.912419319152832
3.679431438446045
3.71230411529541
3.347987413406372
4.126460552215576
4.064626693725586
4.030460357666016
4.211492538452148
4.179648399353027
3.9513468742370605
4.237143516540527
3.919454574584961
3.877937078475952
3.9575600624084473
4.0964155197143555
4.017220497131348
3.803389549255371
3.999607563018799
3.688170909881592
3.774970531463623
3.7340712547302246
3.5723023414611816
3.4288978576660156
3.6304855346679688
4.2635498046875
4.070506572723389
4.158291339874268
4.255864143371582
3.948908805847168
4.012467384338379
3.8822107315063477
3.969086170196533
3.8527653217315674
3.9520821571350098
4.263829231262207
3.779405117034912
3.8043012619018555
3.3895177841186523
3.5421483516693115
3.704577922821045
3.6093010902404785
3.7456157207489014
3.4613237380981445
3.3835620880126953
71.10520935058594
71.03215026855469
68.83358764648438
69.958984375
68.32228088378906
62.58037185668945
68.40727233886719
60.485660552978516
56.8736686706543
61.50955581665039
51.70838165283203
57.56261444091797
52.55083084106445
50.021522521972656
48.25832748413086
50.40974426269531
46.632972717285156
44.91273880004883
45.71223831176758
40.02653503417969
48.631065368652344
48.03518295288086
45.781715393066406
45.401023864746094
43.3410530090332
43.00597381591797
40.36929702758789
39.4000358581543
39.324729919433594
38.216224670410156
38.2236328125
36.943119049072266
34.087398529052734
34.30842590332031
27.47530746459961
28.138193130493164
31.455785751342773
29.74268341064453
30.122726440429688
29.945499420166016
32.6892204284668
31.80600929260254
30.42658805847168
30.944141387939453
28.974382400512695
29.03691291809082
30.52043914794922
27.905715942382812
25.103975296020508
26.909656524658203
26.526655197143555
27.044471740722656
25.644474029541016
23.766971588134766
21.47927474975586
24.502269744873047
23.901506423950195
23.703407287597656
24.551965713500977
21.94032859802246
26.507131576538086
27.203475952148438
26.289968490600586
26.07144546508789
24.899030685424805
25.681180953979492
24.85747528076172
25.15912628173828
24.11696434020996
24.951915740966797
22.28215980529785
23.326244354248047
22.73406982421875
21.195547103881836
21.393619537353516
19.75917625427246
21.72714614868164
21.684476852416992
22.05398178100586
20.74647331237793
24.761890411376953
24.197111129760742
24.55337142944336
24.844690322875977
23.809541702270508
23.41413116455078
24.378002166748047
23.3940372467041
20.634395599365234
21.793527603149414
22.30077362060547
21.169132232666016
21.31118392944336
20.907934188842773
16.925634384155273
21.306154251098633
20.18836212158203
20.201343536376953
22.409881591796875
19.333404541015625
22.94337272644043
22.828510284423828
22.829910278320312
22.75830841064453
21.209794998168945
21.272233963012695
20.333595275878906
20.655149459838867
20.215776443481445
21.055082321166992
20.224489212036133
20.099563598632812
19.491920471191406
18.9044189453125
18.669593811035156
16.603609085083008
18.58426856994629
19.56527328491211
17.681570053100586
17.16883087158203
21.074195861816406
21.55944061279297
20.310224533081055
20.33066749572754
19.826705932617188
19.3525333404541
19.34603500366211
18.253602981567383
17.839170455932617
19.027416229248047
19.106122970581055
17.712650299072266
19.15180778503418
19.08502197265625
17.170618057250977
17.132022857666016
16.321754455566406
16.706960678100586
16.949024200439453
17.467514038085938
18.856937408447266
19.18367576599121
18.593080520629883
19.17203712463379
18.607288360595703
18.080801010131836
18.945154190063477
17.302471160888672
17.270591735839844
16.896800994873047
16.85972785949707
16.00942039489746
15.57512378692627
15.776514053344727
13.384950637817383
16.137317657470703
13.24947738647461
15.377595901489258
14.669200897216797
14.121816635131836
17.138851165771484
17.4202938079834
16.628223419189453
16.87793731689453
15.582259178161621
16.27619743347168
16.727848052978516
13.906129837036133
14.741209030151367
15.10425853729248
15.010578155517578
14.934882164001465
14.048913955688477
12.382113456726074
14.28747844696045
12.221834182739258
13.86543083190918
13.928954124450684
13.313986778259277
14.569559097290039
15.152986526489258
15.186482429504395
14.66861629486084
15.10743522644043
14.463922500610352
14.608509063720703
14.289899826049805
13.473270416259766
13.804651260375977
13.268976211547852
14.196603775024414
12.222990036010742
12.721538543701172
11.782645225524902
12.787863731384277
12.276998519897461
12.13488483428955
12.010492324829102
12.855968475341797
11.725297927856445
13.262944221496582
12.843910217285156
13.037200927734375
12.47277545928955
12.791515350341797
12.816548347473145
12.137351989746094
10.910247802734375
12.000666618347168
11.311494827270508
12.01422119140625
10.320648193359375
10.599474906921387
10.019710540771484
10.982192039489746
10.692041397094727
10.898640632629395
10.319052696228027
10.49932861328125
10.158405303955078
10.853485107421875
11.671358108520508
11.103849411010742
11.370403289794922
10.945073127746582
10.907402992248535
10.780875205993652
10.861223220825195
10.21980094909668
9.442703247070312
10.17285442352295
9.98581600189209
9.507251739501953
9.273872375488281
7.77053689956665
8.489856719970703
8.518976211547852
8.447093963623047
8.257970809936523
8.377214431762695
9.598336219787598
9.472923278808594
9.270758628845215
9.460408210754395
9.148124694824219
9.158985137939453
8.536725044250488
8.571470260620117
8.485708236694336
9.280768394470215
9.088374137878418
8.021257400512695
8.289608001708984
7.805753707885742
7.886795997619629
7.689302444458008
8.262685775756836
7.4486494064331055
7.552629470825195
7.290813446044922
7.993494033813477
8.351526260375977
7.837677955627441
8.57629108428955
8.231958389282227
7.87343692779541
8.41219425201416
7.823241233825684
7.59270715713501
7.622196197509766
7.121338844299316
7.2104363441467285
7.244189262390137
6.911369323730469
6.247819423675537
6.985074996948242
6.520215034484863
6.433019161224365
6.805191993713379
6.260361194610596
7.327383518218994
7.288675785064697
7.096238613128662
7.222195625305176
7.08447790145874
6.970919609069824
6.957029342651367
6.55279541015625
6.533085823059082
6.551327228546143
6.570815086364746
6.608242988586426
6.455221176147461
6.382696628570557
5.6631622314453125
6.3326735496521
6.155301094055176
5.989068031311035
5.760064601898193
5.982452392578125
6.406001091003418
6.640544891357422
6.646727561950684
6.764577865600586
6.460718154907227
6.60146427154541
6.4525933265686035
6.156987190246582
6.2337775230407715
6.496611595153809
6.277272701263428
6.057615756988525
6.20393705368042
5.836297988891602
5.990609169006348
5.569921493530273
5.967964172363281
5.597179412841797
5.914986610412598
5.197761535644531
6.11184549331665
6.136292457580566
6.150728225708008
6.171107292175293
6.2503743171691895
5.65854024887085
6.045678615570068
5.715951442718506
5.991713523864746
5.816672325134277
5.781214714050293
5.53138542175293
5.506844520568848
5.39784049987793
5.0030035972595215
5.403573989868164
5.501049041748047
4.914148807525635
5.435009002685547
4.978334426879883
5.73405647277832
5.782115459442139
5.8411545753479
5.936696529388428
5.472855567932129
5.9922614097595215
5.874807357788086
5.482750415802002
5.355276584625244
5.538966178894043
5.898281097412109
5.694133758544922
5.249388217926025
5.089756965637207
5.30579137802124
4.954713344573975
5.224391937255859
5.017056465148926
5.029806613922119
5.3214545249938965
5.6500959396362305
5.833522796630859
5.598249912261963
5.510175704956055
5.518510818481445
5.603332042694092
5.605483531951904
5.002851486206055
5.312828063964844
5.279421806335449
5.799930572509766
5.582511901855469
5.156720161437988
5.209637641906738
5.2994184494018555
5.04404878616333
5.230253219604492
5.1054277420043945
5.103870391845703
5.080801963806152
5.5880632400512695
5.530259609222412
5.261828899383545
5.6531524658203125
5.454217910766602
5.1975603103637695
5.424164772033691
5.121044635772705
5.231086730957031
5.308192253112793
5.104033946990967
4.9674072265625
4.799782752990723
4.989385604858398
4.474132537841797
4.756802558898926
4.873263359069824
4.841389179229736
4.690637588500977
4.355832576751709
5.14772367477417
5.08697509765625
5.214086532592773
5.333131790161133
5.129666328430176
5.170829772949219
5.119912624359131
4.85115385055542
4.932382583618164
5.135735034942627
5.188591957092285
5.288383483886719
4.797146797180176
4.918230056762695
4.9942827224731445
4.820767879486084
4.7348313331604
4.496547222137451
4.800814151763916
4.596892356872559
5.264576435089111
5.214153289794922
5.192048072814941
5.239025592803955
5.225930690765381
4.996081829071045
5.215043067932129
4.84640645980835
4.8867268562316895
5.081411361694336
5.243241310119629
4.968501567840576
4.794386863708496
4.604837417602539
4.484223365783691
4.773137092590332
4.8230133056640625
4.560901641845703
4.611008644104004
4.509398937225342
4.951772689819336
5.128342628479004
4.861191749572754
4.887474060058594
5.1262712478637695
4.921133995056152
5.031214237213135
4.937974452972412
4.690218448638916
4.861760139465332
4.861064910888672
5.128785133361816
4.5647501945495605
4.635514736175537
4.677426338195801
4.704618453979492
4.555367469787598
4.488306999206543
4.36991024017334
4.050601959228516
4.913639545440674
4.962235450744629
5.140219688415527
4.80966329574585
5.001748561859131
4.7979655265808105
4.634644508361816
4.713216781616211
4.766948223114014
4.8536248207092285
5.020463466644287
4.657843112945557
4.58773136138916
4.264903545379639
4.5179314613342285
4.497591018676758
4.42758321762085
4.412890911102295
4.423238277435303
4.587504863739014
4.7543253898620605
4.730862617492676
4.7675251960754395
4.71119499206543
4.735692024230957
4.763075828552246
4.8130388259887695
4.508358001708984
4.499798774719238
4.82324743270874
4.817364692687988
4.687168121337891
4.488392353057861
4.530577659606934
4.434316158294678
4.69417667388916
4.453393459320068
3.8884363174438477
4.174383163452148
3.86853289604187
5.112466335296631
4.789024829864502
5.034745216369629
5.069185256958008
4.608903408050537
4.908508777618408
4.622373580932617
4.362457275390625
4.533685684204102
4.852176666259766
4.868012428283691
4.768944263458252
4.383327484130859
4.118343353271484
4.440752983093262
4.060115814208984
4.423893928527832
4.42363166809082
4.335411071777344
4.502486705780029
4.599151611328125
4.64223051071167
4.830118656158447
4.748504638671875
4.685906887054443
4.56707763671875
4.623112678527832
4.372107982635498
4.3935747146606445
4.54257869720459
4.519665718078613
4.623147010803223
4.185939311981201
4.298425674438477
4.398951053619385
4.047048568725586
4.237698554992676
3.8905410766601562
4.354653835296631
4.036935329437256
4.682562351226807
4.615080833435059
4.737399578094482
4.6093597412109375
4.669690132141113
4.727569103240967
4.65038537979126
